
# Surface 0 of 1 surfaces

# Curve title: "f(x,y)"

# Contour 0, label:      1.8
 1.54545 -1.24582  1.8 
 1.54456 -1.24712  1.8 
 1.54249 -1.25013  1.8 
 1.54039 -1.25313  1.8 
 1.53827 -1.25613  1.8 
 1.53612 -1.25913  1.8 
 1.53395 -1.26213  1.8 
 1.53176 -1.26513  1.8 
 1.52954 -1.26813  1.8 
 1.5273 -1.27114  1.8 
 1.52503 -1.27414  1.8 
 1.52273 -1.27714  1.8 
 1.52041 -1.28014  1.8 
 1.51806 -1.28314  1.8 
 1.51569 -1.28614  1.8 
 1.51329 -1.28914  1.8 
 1.51086 -1.29215  1.8 
 1.5084 -1.29515  1.8 
 1.50591 -1.29815  1.8 
 1.5034 -1.30115  1.8 
 1.50085 -1.30415  1.8 
 1.49828 -1.30715  1.8 
 1.49567 -1.31016  1.8 
 1.49304 -1.31316  1.8 
 1.49037 -1.31616  1.8 
 1.48767 -1.31916  1.8 
 1.48494 -1.32216  1.8 
 1.48485 -1.32226  1.8 
 1.482 -1.32516  1.8 
 1.47903 -1.32816  1.8 
 1.47602 -1.33117  1.8 
 1.47296 -1.33417  1.8 
 1.46987 -1.33717  1.8 
 1.46674 -1.34017  1.8 
 1.46357 -1.34317  1.8 
 1.46035 -1.34617  1.8 
 1.4571 -1.34917  1.8 
 1.4538 -1.35218  1.8 
 1.45045 -1.35518  1.8 
 1.44706 -1.35818  1.8 
 1.44363 -1.36118  1.8 
 1.44015 -1.36418  1.8 
 1.43662 -1.36718  1.8 
 1.43304 -1.37019  1.8 
 1.42941 -1.37319  1.8 
 1.42573 -1.37619  1.8 
 1.42424 -1.37739  1.8 
 1.42172 -1.37919  1.8 
 1.41747 -1.38219  1.8 
 1.41314 -1.38519  1.8 
 1.40875 -1.38819  1.8 
 1.40429 -1.3912  1.8 
 1.39976 -1.3942  1.8 
 1.39515 -1.3972  1.8 
 1.39047 -1.4002  1.8 
 1.38571 -1.4032  1.8 
 1.38087 -1.4062  1.8 
 1.37595 -1.4092  1.8 
 1.37095 -1.41221  1.8 
 1.36586 -1.41521  1.8 
 1.36364 -1.41651  1.8 
 1.36002 -1.41821  1.8 
 1.35354 -1.42121  1.8 
 1.34692 -1.42421  1.8 
 1.34017 -1.42721  1.8 
 1.33327 -1.43022  1.8 
 1.32623 -1.43322  1.8 
 1.31902 -1.43622  1.8 
 1.31166 -1.43922  1.8 
 1.30414 -1.44222  1.8 
 1.30303 -1.44266  1.8 
 1.29347 -1.44522  1.8 
 1.28195 -1.44822  1.8 
 1.27006 -1.45123  1.8 
 1.25778 -1.45423  1.8 
 1.24509 -1.45723  1.8 
 1.24242 -1.45785  1.8 
 1.21775 -1.46023  1.8 
 1.18451 -1.46323  1.8 
 1.18182 -1.46346  1.8 

 1.66667 -0.956544  1.8 
 1.66611 -0.958979  1.8 
 1.66541 -0.961981  1.8 
 1.66471 -0.964982  1.8 
 1.66399 -0.967984  1.8 
 1.66327 -0.970985  1.8 
 1.66253 -0.973987  1.8 
 1.66179 -0.976988  1.8 
 1.66103 -0.97999  1.8 
 1.66027 -0.982991  1.8 
 1.6595 -0.985993  1.8 
 1.65871 -0.988994  1.8 
 1.65792 -0.991996  1.8 
 1.65711 -0.994997  1.8 
 1.6563 -0.997999  1.8 
 1.65547 -1.001  1.8 
 1.65463 -1.004  1.8 
 1.65379 -1.007  1.8 
 1.65293 -1.01001  1.8 
 1.65206 -1.01301  1.8 
 1.65118 -1.01601  1.8 
 1.6503 -1.01901  1.8 
 1.6494 -1.02201  1.8 
 1.64849 -1.02501  1.8 
 1.64756 -1.02801  1.8 
 1.64663 -1.03102  1.8 
 1.64569 -1.03402  1.8 
 1.64473 -1.03702  1.8 
 1.64377 -1.04002  1.8 
 1.64279 -1.04302  1.8 
 1.6418 -1.04602  1.8 
 1.6408 -1.04902  1.8 
 1.63979 -1.05203  1.8 
 1.63877 -1.05503  1.8 
 1.63773 -1.05803  1.8 
 1.63669 -1.06103  1.8 
 1.63563 -1.06403  1.8 
 1.63456 -1.06703  1.8 
 1.63348 -1.07004  1.8 
 1.63238 -1.07304  1.8 
 1.63128 -1.07604  1.8 
 1.63016 -1.07904  1.8 
 1.62903 -1.08204  1.8 
 1.62788 -1.08504  1.8 
 1.62673 -1.08804  1.8 
 1.62556 -1.09105  1.8 
 1.62438 -1.09405  1.8 
 1.62318 -1.09705  1.8 
 1.62197 -1.10005  1.8 
 1.62075 -1.10305  1.8 
 1.61952 -1.10605  1.8 
 1.61827 -1.10905  1.8 
 1.61701 -1.11206  1.8 
 1.61574 -1.11506  1.8 
 1.61445 -1.11806  1.8 
 1.61315 -1.12106  1.8 
 1.61183 -1.12406  1.8 
 1.6105 -1.12706  1.8 
 1.60916 -1.13007  1.8 
 1.6078 -1.13307  1.8 
 1.60643 -1.13607  1.8 
 1.60606 -1.13687  1.8 
 1.60505 -1.13907  1.8 
 1.60367 -1.14207  1.8 
 1.60226 -1.14507  1.8 
 1.60085 -1.14807  1.8 
 1.59941 -1.15108  1.8 
 1.59797 -1.15408  1.8 
 1.5965 -1.15708  1.8 
 1.59502 -1.16008  1.8 
 1.59353 -1.16308  1.8 
 1.59202 -1.16608  1.8 
 1.59049 -1.16908  1.8 
 1.58895 -1.17209  1.8 
 1.58739 -1.17509  1.8 
 1.58582 -1.17809  1.8 
 1.58423 -1.18109  1.8 
 1.58262 -1.18409  1.8 
 1.58099 -1.18709  1.8 
 1.57935 -1.1901  1.8 
 1.57769 -1.1931  1.8 
 1.57601 -1.1961  1.8 
 1.57431 -1.1991  1.8 
 1.5726 -1.2021  1.8 
 1.57087 -1.2051  1.8 
 1.56912 -1.2081  1.8 
 1.56735 -1.21111  1.8 
 1.56556 -1.21411  1.8 
 1.56375 -1.21711  1.8 
 1.56193 -1.22011  1.8 
 1.56008 -1.22311  1.8 
 1.55821 -1.22611  1.8 
 1.55633 -1.22911  1.8 
 1.55442 -1.23212  1.8 
 1.5525 -1.23512  1.8 
 1.55055 -1.23812  1.8 
 1.54858 -1.24112  1.8 
 1.54659 -1.24412  1.8 
 1.54545 -1.24582  1.8 

 1.69327 -0.664832  1.8 
 1.6934 -0.667834  1.8 
 1.69353 -0.670835  1.8 
 1.69364 -0.673837  1.8 
 1.69375 -0.676838  1.8 
 1.69385 -0.67984  1.8 
 1.69394 -0.682841  1.8 
 1.69402 -0.685843  1.8 
 1.69409 -0.688844  1.8 
 1.69415 -0.691846  1.8 
 1.69421 -0.694847  1.8 
 1.69426 -0.697849  1.8 
 1.6943 -0.70085  1.8 
 1.69433 -0.703852  1.8 
 1.69435 -0.706853  1.8 
 1.69437 -0.709855  1.8 
 1.69438 -0.712856  1.8 
 1.69438 -0.715858  1.8 
 1.69437 -0.718859  1.8 
 1.69435 -0.721861  1.8 
 1.69432 -0.724862  1.8 
 1.69429 -0.727864  1.8 
 1.69425 -0.730865  1.8 
 1.6942 -0.733867  1.8 
 1.69414 -0.736868  1.8 
 1.69407 -0.73987  1.8 
 1.69399 -0.742871  1.8 
 1.69391 -0.745873  1.8 
 1.69382 -0.748874  1.8 
 1.69372 -0.751876  1.8 
 1.69361 -0.754877  1.8 
 1.69349 -0.757879  1.8 
 1.69337 -0.76088  1.8 
 1.69324 -0.763882  1.8 
 1.69309 -0.766883  1.8 
 1.69294 -0.769885  1.8 
 1.69279 -0.772886  1.8 
 1.69262 -0.775888  1.8 
 1.69244 -0.778889  1.8 
 1.69226 -0.781891  1.8 
 1.69207 -0.784892  1.8 
 1.69187 -0.787894  1.8 
 1.69166 -0.790895  1.8 
 1.69145 -0.793897  1.8 
 1.69122 -0.796898  1.8 
 1.69099 -0.7999  1.8 
 1.69075 -0.802901  1.8 
 1.6905 -0.805903  1.8 
 1.69024 -0.808904  1.8 
 1.68997 -0.811906  1.8 
 1.68969 -0.814907  1.8 
 1.68941 -0.817909  1.8 
 1.68912 -0.82091  1.8 
 1.68882 -0.823912  1.8 
 1.68851 -0.826913  1.8 
 1.68819 -0.829915  1.8 
 1.68786 -0.832916  1.8 
 1.68753 -0.835918  1.8 
 1.68718 -0.838919  1.8 
 1.68683 -0.841921  1.8 
 1.68647 -0.844922  1.8 
 1.6861 -0.847924  1.8 
 1.68572 -0.850925  1.8 
 1.68534 -0.853927  1.8 
 1.68494 -0.856928  1.8 
 1.68454 -0.85993  1.8 
 1.68412 -0.862931  1.8 
 1.6837 -0.865933  1.8 
 1.68327 -0.868934  1.8 
 1.68283 -0.871936  1.8 
 1.68238 -0.874937  1.8 
 1.68192 -0.877939  1.8 
 1.68146 -0.88094  1.8 
 1.68098 -0.883942  1.8 
 1.6805 -0.886943  1.8 
 1.68 -0.889945  1.8 
 1.6795 -0.892946  1.8 
 1.67899 -0.895948  1.8 
 1.67847 -0.898949  1.8 
 1.67794 -0.901951  1.8 
 1.6774 -0.904952  1.8 
 1.67685 -0.907954  1.8 
 1.6763 -0.910955  1.8 
 1.67573 -0.913957  1.8 
 1.67515 -0.916958  1.8 
 1.67457 -0.91996  1.8 
 1.67397 -0.922961  1.8 
 1.67337 -0.925963  1.8 
 1.67276 -0.928964  1.8 
 1.67213 -0.931966  1.8 
 1.6715 -0.934967  1.8 
 1.67086 -0.937969  1.8 
 1.67021 -0.94097  1.8 
 1.66954 -0.943972  1.8 
 1.66887 -0.946973  1.8 
 1.66819 -0.949975  1.8 
 1.6675 -0.952976  1.8 
 1.6668 -0.955978  1.8 
 1.66667 -0.956544  1.8 

 1.63949 -0.373687  1.8 
 1.64048 -0.376688  1.8 
 1.64146 -0.37969  1.8 
 1.64243 -0.382691  1.8 
 1.64339 -0.385693  1.8 
 1.64435 -0.388694  1.8 
 1.64529 -0.391696  1.8 
 1.64622 -0.394697  1.8 
 1.64714 -0.397699  1.8 
 1.64805 -0.4007  1.8 
 1.64895 -0.403702  1.8 
 1.64984 -0.406703  1.8 
 1.65072 -0.409705  1.8 
 1.65159 -0.412706  1.8 
 1.65245 -0.415708  1.8 
 1.6533 -0.418709  1.8 
 1.65415 -0.421711  1.8 
 1.65498 -0.424712  1.8 
 1.6558 -0.427714  1.8 
 1.65661 -0.430715  1.8 
 1.65741 -0.433717  1.8 
 1.65821 -0.436718  1.8 
 1.65899 -0.43972  1.8 
 1.65976 -0.442721  1.8 
 1.66053 -0.445723  1.8 
 1.66128 -0.448724  1.8 
 1.66203 -0.451726  1.8 
 1.66276 -0.454727  1.8 
 1.66349 -0.457729  1.8 
 1.66421 -0.46073  1.8 
 1.66491 -0.463732  1.8 
 1.66561 -0.466733  1.8 
 1.6663 -0.469735  1.8 
 1.66667 -0.471352  1.8 
 1.66699 -0.472736  1.8 
 1.66769 -0.475738  1.8 
 1.66837 -0.478739  1.8 
 1.66905 -0.481741  1.8 
 1.66971 -0.484742  1.8 
 1.67037 -0.487744  1.8 
 1.67102 -0.490745  1.8 
 1.67166 -0.493747  1.8 
 1.67229 -0.496748  1.8 
 1.67291 -0.49975  1.8 
 1.67352 -0.502751  1.8 
 1.67412 -0.505753  1.8 
 1.67471 -0.508754  1.8 
 1.67529 -0.511756  1.8 
 1.67586 -0.514757  1.8 
 1.67643 -0.517759  1.8 
 1.67698 -0.52076  1.8 
 1.67753 -0.523762  1.8 
 1.67807 -0.526763  1.8 
 1.67859 -0.529765  1.8 
 1.67911 -0.532766  1.8 
 1.67962 -0.535768  1.8 
 1.68012 -0.538769  1.8 
 1.68061 -0.541771  1.8 
 1.68109 -0.544772  1.8 
 1.68157 -0.547774  1.8 
 1.68203 -0.550775  1.8 
 1.68249 -0.553777  1.8 
 1.68294 -0.556778  1.8 
 1.68337 -0.55978  1.8 
 1.6838 -0.562781  1.8 
 1.68422 -0.565783  1.8 
 1.68463 -0.568784  1.8 
 1.68504 -0.571786  1.8 
 1.68543 -0.574787  1.8 
 1.68582 -0.577789  1.8 
 1.68619 -0.58079  1.8 
 1.68656 -0.583792  1.8 
 1.68692 -0.586793  1.8 
 1.68727 -0.589795  1.8 
 1.68761 -0.592796  1.8 
 1.68795 -0.595798  1.8 
 1.68827 -0.598799  1.8 
 1.68859 -0.601801  1.8 
 1.6889 -0.604802  1.8 
 1.68919 -0.607804  1.8 
 1.68949 -0.610805  1.8 
 1.68977 -0.613807  1.8 
 1.69004 -0.616808  1.8 
 1.69031 -0.61981  1.8 
 1.69056 -0.622811  1.8 
 1.69081 -0.625813  1.8 
 1.69105 -0.628814  1.8 
 1.69128 -0.631816  1.8 
 1.69151 -0.634817  1.8 
 1.69172 -0.637819  1.8 
 1.69193 -0.64082  1.8 
 1.69212 -0.643822  1.8 
 1.69231 -0.646823  1.8 
 1.69249 -0.649825  1.8 
 1.69267 -0.652826  1.8 
 1.69283 -0.655828  1.8 
 1.69299 -0.658829  1.8 
 1.69313 -0.661831  1.8 
 1.69327 -0.664832  1.8 

 1.49127 -0.0825413  1.8 
 1.49335 -0.0855428  1.8 
 1.49541 -0.0885443  1.8 
 1.49746 -0.0915458  1.8 
 1.49951 -0.0945473  1.8 
 1.50154 -0.0975488  1.8 
 1.50356 -0.10055  1.8 
 1.50557 -0.103552  1.8 
 1.50757 -0.106553  1.8 
 1.50955 -0.109555  1.8 
 1.51153 -0.112556  1.8 
 1.5135 -0.115558  1.8 
 1.51545 -0.118559  1.8 
 1.5174 -0.121561  1.8 
 1.51933 -0.124562  1.8 
 1.52125 -0.127564  1.8 
 1.52316 -0.130565  1.8 
 1.52506 -0.133567  1.8 
 1.52695 -0.136568  1.8 
 1.52883 -0.13957  1.8 
 1.53069 -0.142571  1.8 
 1.53255 -0.145573  1.8 
 1.53439 -0.148574  1.8 
 1.53622 -0.151576  1.8 
 1.53804 -0.154577  1.8 
 1.53985 -0.157579  1.8 
 1.54165 -0.16058  1.8 
 1.54343 -0.163582  1.8 
 1.54521 -0.166583  1.8 
 1.54545 -0.167006  1.8 
 1.54696 -0.169585  1.8 
 1.54869 -0.172586  1.8 
 1.55042 -0.175588  1.8 
 1.55213 -0.178589  1.8 
 1.55384 -0.181591  1.8 
 1.55553 -0.184592  1.8 
 1.5572 -0.187594  1.8 
 1.55887 -0.190595  1.8 
 1.56053 -0.193597  1.8 
 1.56217 -0.196598  1.8 
 1.5638 -0.1996  1.8 
 1.56542 -0.202601  1.8 
 1.56703 -0.205603  1.8 
 1.56862 -0.208604  1.8 
 1.57021 -0.211606  1.8 
 1.57178 -0.214607  1.8 
 1.57334 -0.217609  1.8 
 1.57489 -0.22061  1.8 
 1.57643 -0.223612  1.8 
 1.57796 -0.226613  1.8 
 1.57947 -0.229615  1.8 
 1.58097 -0.232616  1.8 
 1.58246 -0.235618  1.8 
 1.58394 -0.238619  1.8 
 1.58541 -0.241621  1.8 
 1.58687 -0.244622  1.8 
 1.58831 -0.247624  1.8 
 1.58975 -0.250625  1.8 
 1.59117 -0.253627  1.8 
 1.59258 -0.256628  1.8 
 1.59398 -0.25963  1.8 
 1.59537 -0.262631  1.8 
 1.59675 -0.265633  1.8 
 1.59811 -0.268634  1.8 
 1.59947 -0.271636  1.8 
 1.60081 -0.274637  1.8 
 1.60214 -0.277639  1.8 
 1.60346 -0.28064  1.8 
 1.60477 -0.283642  1.8 
 1.60606 -0.286626  1.8 
 1.60737 -0.289645  1.8 
 1.60867 -0.292646  1.8 
 1.60995 -0.295648  1.8 
 1.61123 -0.298649  1.8 
 1.61249 -0.301651  1.8 
 1.61374 -0.304652  1.8 
 1.61498 -0.307654  1.8 
 1.61621 -0.310655  1.8 
 1.61742 -0.313657  1.8 
 1.61863 -0.316658  1.8 
 1.61982 -0.31966  1.8 
 1.62101 -0.322661  1.8 
 1.62218 -0.325663  1.8 
 1.62334 -0.328664  1.8 
 1.62449 -0.331666  1.8 
 1.62563 -0.334667  1.8 
 1.62676 -0.337669  1.8 
 1.62788 -0.34067  1.8 
 1.62899 -0.343672  1.8 
 1.63009 -0.346673  1.8 
 1.63117 -0.349675  1.8 
 1.63225 -0.352676  1.8 
 1.63332 -0.355678  1.8 
 1.63437 -0.358679  1.8 
 1.63541 -0.361681  1.8 
 1.63645 -0.364682  1.8 
 1.63747 -0.367684  1.8 
 1.63848 -0.370685  1.8 
 1.63949 -0.373687  1.8 

 1.26073  0.1996  1.8 
 1.263  0.196598  1.8 
 1.26529  0.193597  1.8 
 1.26761  0.190595  1.8 
 1.26995  0.187594  1.8 
 1.27232  0.184592  1.8 
 1.27471  0.181591  1.8 
 1.27713  0.178589  1.8 
 1.27957  0.175588  1.8 
 1.28204  0.172586  1.8 
 1.28453  0.169585  1.8 
 1.28704  0.166583  1.8 
 1.28958  0.163582  1.8 
 1.29215  0.16058  1.8 
 1.29473  0.157579  1.8 
 1.29735  0.154577  1.8 
 1.29998  0.151576  1.8 
 1.30264  0.148574  1.8 
 1.30303  0.148137  1.8 
 1.30513  0.145573  1.8 
 1.3076  0.142571  1.8 
 1.31009  0.13957  1.8 
 1.31259  0.136568  1.8 
 1.3151  0.133567  1.8 
 1.31763  0.130565  1.8 
 1.32017  0.127564  1.8 
 1.32272  0.124562  1.8 
 1.32529  0.121561  1.8 
 1.32787  0.118559  1.8 
 1.33046  0.115558  1.8 
 1.33306  0.112556  1.8 
 1.33567  0.109555  1.8 
 1.3383  0.106553  1.8 
 1.34093  0.103552  1.8 
 1.34358  0.10055  1.8 
 1.34623  0.0975488  1.8 
 1.3489  0.0945473  1.8 
 1.35157  0.0915458  1.8 
 1.35425  0.0885443  1.8 
 1.35695  0.0855428  1.8 
 1.35965  0.0825413  1.8 
 1.36236  0.0795398  1.8 
 1.36364  0.0781257  1.8 
 1.36497  0.0765383  1.8 
 1.36749  0.0735368  1.8 
 1.37002  0.0705353  1.8 
 1.37255  0.0675338  1.8 
 1.37508  0.0645323  1.8 
 1.37761  0.0615308  1.8 
 1.38014  0.0585293  1.8 
 1.38268  0.0555278  1.8 
 1.38521  0.0525263  1.8 
 1.38775  0.0495248  1.8 
 1.39029  0.0465233  1.8 
 1.39282  0.0435218  1.8 
 1.39536  0.0405203  1.8 
 1.3979  0.0375188  1.8 
 1.40043  0.0345173  1.8 
 1.40296  0.0315158  1.8 
 1.4055  0.0285143  1.8 
 1.40803  0.0255128  1.8 
 1.41056  0.0225113  1.8 
 1.41308  0.0195098  1.8 
 1.41561  0.0165083  1.8 
 1.41813  0.0135068  1.8 
 1.42065  0.0105053  1.8 
 1.42316  0.00750375  1.8 
 1.42424  0.00621468  1.8 
 1.4256  0.00450225  1.8 
 1.42797  0.00150075  1.8 
 1.43034 -0.00150075  1.8 
 1.4327 -0.00450225  1.8 
 1.43506 -0.00750375  1.8 
 1.43741 -0.0105053  1.8 
 1.43975 -0.0135068  1.8 
 1.44208 -0.0165083  1.8 
 1.44441 -0.0195098  1.8 
 1.44674 -0.0225113  1.8 
 1.44905 -0.0255128  1.8 
 1.45136 -0.0285143  1.8 
 1.45366 -0.0315158  1.8 
 1.45595 -0.0345173  1.8 
 1.45824 -0.0375188  1.8 
 1.46051 -0.0405203  1.8 
 1.46278 -0.0435218  1.8 
 1.46504 -0.0465233  1.8 
 1.4673 -0.0495248  1.8 
 1.46954 -0.0525263  1.8 
 1.47177 -0.0555278  1.8 
 1.474 -0.0585293  1.8 
 1.47622 -0.0615308  1.8 
 1.47843 -0.0645323  1.8 
 1.48063 -0.0675338  1.8 
 1.48282 -0.0705353  1.8 
 1.48485 -0.0733314  1.8 
 1.48499 -0.0735368  1.8 
 1.4871 -0.0765383  1.8 
 1.48919 -0.0795398  1.8 
 1.49127 -0.0825413  1.8 

 1.14875  0.487744  1.8 
 1.14911  0.484742  1.8 
 1.14948  0.481741  1.8 
 1.14986  0.478739  1.8 
 1.15024  0.475738  1.8 
 1.15064  0.472736  1.8 
 1.15104  0.469735  1.8 
 1.15144  0.466733  1.8 
 1.15186  0.463732  1.8 
 1.15229  0.46073  1.8 
 1.15272  0.457729  1.8 
 1.15317  0.454727  1.8 
 1.15362  0.451726  1.8 
 1.15409  0.448724  1.8 
 1.15456  0.445723  1.8 
 1.15505  0.442721  1.8 
 1.15555  0.43972  1.8 
 1.15605  0.436718  1.8 
 1.15658  0.433717  1.8 
 1.15711  0.430715  1.8 
 1.15766  0.427714  1.8 
 1.15821  0.424712  1.8 
 1.15879  0.421711  1.8 
 1.15937  0.418709  1.8 
 1.15997  0.415708  1.8 
 1.16059  0.412706  1.8 
 1.16122  0.409705  1.8 
 1.16186  0.406703  1.8 
 1.16252  0.403702  1.8 
 1.1632  0.4007  1.8 
 1.1639  0.397699  1.8 
 1.16461  0.394697  1.8 
 1.16533  0.391696  1.8 
 1.16608  0.388694  1.8 
 1.16685  0.385693  1.8 
 1.16763  0.382691  1.8 
 1.16843  0.37969  1.8 
 1.16925  0.376688  1.8 
 1.1701  0.373687  1.8 
 1.17096  0.370685  1.8 
 1.17185  0.367684  1.8 
 1.17275  0.364682  1.8 
 1.17368  0.361681  1.8 
 1.17463  0.358679  1.8 
 1.17561  0.355678  1.8 
 1.17661  0.352676  1.8 
 1.17763  0.349675  1.8 
 1.17868  0.346673  1.8 
 1.17975  0.343672  1.8 
 1.18085  0.34067  1.8 
 1.18182  0.338085  1.8 
 1.18197  0.337669  1.8 
 1.18309  0.334667  1.8 
 1.18423  0.331666  1.8 
 1.18539  0.328664  1.8 
 1.18657  0.325663  1.8 
 1.18778  0.322661  1.8 
 1.18902  0.31966  1.8 
 1.19028  0.316658  1.8 
 1.19156  0.313657  1.8 
 1.19287  0.310655  1.8 
 1.19421  0.307654  1.8 
 1.19557  0.304652  1.8 
 1.19696  0.301651  1.8 
 1.19837  0.298649  1.8 
 1.19982  0.295648  1.8 
 1.20129  0.292646  1.8 
 1.20279  0.289645  1.8 
 1.20431  0.286643  1.8 
 1.20587  0.283642  1.8 
 1.20745  0.28064  1.8 
 1.20907  0.277639  1.8 
 1.21072  0.274637  1.8 
 1.21239  0.271636  1.8 
 1.2141  0.268634  1.8 
 1.21583  0.265633  1.8 
 1.2176  0.262631  1.8 
 1.2194  0.25963  1.8 
 1.22124  0.256628  1.8 
 1.2231  0.253627  1.8 
 1.225  0.250625  1.8 
 1.22693  0.247624  1.8 
 1.22889  0.244622  1.8 
 1.23089  0.241621  1.8 
 1.23292  0.238619  1.8 
 1.23499  0.235618  1.8 
 1.23709  0.232616  1.8 
 1.23922  0.229615  1.8 
 1.24139  0.226613  1.8 
 1.24242  0.225202  1.8 
 1.24351  0.223612  1.8 
 1.24557  0.22061  1.8 
 1.24766  0.217609  1.8 
 1.24977  0.214607  1.8 
 1.25191  0.211606  1.8 
 1.25408  0.208604  1.8 
 1.25627  0.205603  1.8 
 1.25849  0.202601  1.8 
 1.26073  0.1996  1.8 

 1.11758  0.778889  1.8 
 1.11803  0.775888  1.8 
 1.11848  0.772886  1.8 
 1.11892  0.769885  1.8 
 1.11936  0.766883  1.8 
 1.11979  0.763882  1.8 
 1.12021  0.76088  1.8 
 1.12063  0.757879  1.8 
 1.12104  0.754877  1.8 
 1.12121  0.753632  1.8 
 1.12147  0.751876  1.8 
 1.12191  0.748874  1.8 
 1.12234  0.745873  1.8 
 1.12277  0.742871  1.8 
 1.12319  0.73987  1.8 
 1.1236  0.736868  1.8 
 1.12401  0.733867  1.8 
 1.12441  0.730865  1.8 
 1.12481  0.727864  1.8 
 1.1252  0.724862  1.8 
 1.12559  0.721861  1.8 
 1.12597  0.718859  1.8 
 1.12635  0.715858  1.8 
 1.12672  0.712856  1.8 
 1.12709  0.709855  1.8 
 1.12745  0.706853  1.8 
 1.12781  0.703852  1.8 
 1.12816  0.70085  1.8 
 1.12851  0.697849  1.8 
 1.12885  0.694847  1.8 
 1.12919  0.691846  1.8 
 1.12953  0.688844  1.8 
 1.12986  0.685843  1.8 
 1.13018  0.682841  1.8 
 1.13051  0.67984  1.8 
 1.13083  0.676838  1.8 
 1.13114  0.673837  1.8 
 1.13145  0.670835  1.8 
 1.13176  0.667834  1.8 
 1.13207  0.664832  1.8 
 1.13237  0.661831  1.8 
 1.13267  0.658829  1.8 
 1.13296  0.655828  1.8 
 1.13326  0.652826  1.8 
 1.13355  0.649825  1.8 
 1.13383  0.646823  1.8 
 1.13412  0.643822  1.8 
 1.1344  0.64082  1.8 
 1.13468  0.637819  1.8 
 1.13496  0.634817  1.8 
 1.13523  0.631816  1.8 
 1.1355  0.628814  1.8 
 1.13577  0.625813  1.8 
 1.13604  0.622811  1.8 
 1.13631  0.61981  1.8 
 1.13658  0.616808  1.8 
 1.13684  0.613807  1.8 
 1.13711  0.610805  1.8 
 1.13737  0.607804  1.8 
 1.13763  0.604802  1.8 
 1.13789  0.601801  1.8 
 1.13815  0.598799  1.8 
 1.13841  0.595798  1.8 
 1.13867  0.592796  1.8 
 1.13892  0.589795  1.8 
 1.13918  0.586793  1.8 
 1.13944  0.583792  1.8 
 1.1397  0.58079  1.8 
 1.13996  0.577789  1.8 
 1.14021  0.574787  1.8 
 1.14047  0.571786  1.8 
 1.14073  0.568784  1.8 
 1.141  0.565783  1.8 
 1.14126  0.562781  1.8 
 1.14152  0.55978  1.8 
 1.14179  0.556778  1.8 
 1.14205  0.553777  1.8 
 1.14232  0.550775  1.8 
 1.14259  0.547774  1.8 
 1.14287  0.544772  1.8 
 1.14314  0.541771  1.8 
 1.14342  0.538769  1.8 
 1.1437  0.535768  1.8 
 1.14399  0.532766  1.8 
 1.14427  0.529765  1.8 
 1.14456  0.526763  1.8 
 1.14486  0.523762  1.8 
 1.14516  0.52076  1.8 
 1.14546  0.517759  1.8 
 1.14576  0.514757  1.8 
 1.14608  0.511756  1.8 
 1.14639  0.508754  1.8 
 1.14671  0.505753  1.8 
 1.14704  0.502751  1.8 
 1.14737  0.49975  1.8 
 1.14771  0.496748  1.8 
 1.14805  0.493747  1.8 
 1.1484  0.490745  1.8 
 1.14875  0.487744  1.8 

 1.03634  1.07004  1.8 
 1.03761  1.06703  1.8 
 1.03886  1.06403  1.8 
 1.0401  1.06103  1.8 
 1.04133  1.05803  1.8 
 1.04255  1.05503  1.8 
 1.04375  1.05203  1.8 
 1.04494  1.04902  1.8 
 1.04612  1.04602  1.8 
 1.04729  1.04302  1.8 
 1.04845  1.04002  1.8 
 1.04959  1.03702  1.8 
 1.05072  1.03402  1.8 
 1.05184  1.03102  1.8 
 1.05295  1.02801  1.8 
 1.05405  1.02501  1.8 
 1.05514  1.02201  1.8 
 1.05621  1.01901  1.8 
 1.05728  1.01601  1.8 
 1.05833  1.01301  1.8 
 1.05937  1.01001  1.8 
 1.0604  1.007  1.8 
 1.06061  1.00641  1.8 
 1.0615  1.004  1.8 
 1.06261  1.001  1.8 
 1.0637  0.997999  1.8 
 1.06479  0.994997  1.8 
 1.06586  0.991996  1.8 
 1.06692  0.988994  1.8 
 1.06797  0.985993  1.8 
 1.06901  0.982991  1.8 
 1.07003  0.97999  1.8 
 1.07105  0.976988  1.8 
 1.07205  0.973987  1.8 
 1.07304  0.970985  1.8 
 1.07403  0.967984  1.8 
 1.075  0.964982  1.8 
 1.07596  0.961981  1.8 
 1.07691  0.958979  1.8 
 1.07785  0.955978  1.8 
 1.07878  0.952976  1.8 
 1.07969  0.949975  1.8 
 1.0806  0.946973  1.8 
 1.0815  0.943972  1.8 
 1.08239  0.94097  1.8 
 1.08327  0.937969  1.8 
 1.08414  0.934967  1.8 
 1.08499  0.931966  1.8 
 1.08584  0.928964  1.8 
 1.08668  0.925963  1.8 
 1.08751  0.922961  1.8 
 1.08833  0.91996  1.8 
 1.08914  0.916958  1.8 
 1.08994  0.913957  1.8 
 1.09074  0.910955  1.8 
 1.09152  0.907954  1.8 
 1.09229  0.904952  1.8 
 1.09306  0.901951  1.8 
 1.09381  0.898949  1.8 
 1.09456  0.895948  1.8 
 1.0953  0.892946  1.8 
 1.09603  0.889945  1.8 
 1.09675  0.886943  1.8 
 1.09746  0.883942  1.8 
 1.09817  0.88094  1.8 
 1.09886  0.877939  1.8 
 1.09955  0.874937  1.8 
 1.10023  0.871936  1.8 
 1.1009  0.868934  1.8 
 1.10156  0.865933  1.8 
 1.10222  0.862931  1.8 
 1.10286  0.85993  1.8 
 1.1035  0.856928  1.8 
 1.10413  0.853927  1.8 
 1.10475  0.850925  1.8 
 1.10537  0.847924  1.8 
 1.10598  0.844922  1.8 
 1.10658  0.841921  1.8 
 1.10717  0.838919  1.8 
 1.10776  0.835918  1.8 
 1.10834  0.832916  1.8 
 1.10891  0.829915  1.8 
 1.10947  0.826913  1.8 
 1.11003  0.823912  1.8 
 1.11058  0.82091  1.8 
 1.11112  0.817909  1.8 
 1.11166  0.814907  1.8 
 1.11219  0.811906  1.8 
 1.11271  0.808904  1.8 
 1.11322  0.805903  1.8 
 1.11373  0.802901  1.8 
 1.11424  0.7999  1.8 
 1.11473  0.796898  1.8 
 1.11522  0.793897  1.8 
 1.11571  0.790895  1.8 
 1.11618  0.787894  1.8 
 1.11665  0.784892  1.8 
 1.11712  0.781891  1.8 
 1.11758  0.778889  1.8 

 0.85828  1.35518  1.8 
 0.860812  1.35218  1.8 
 0.86332  1.34917  1.8 
 0.865803  1.34617  1.8 
 0.868262  1.34317  1.8 
 0.870697  1.34017  1.8 
 0.873109  1.33717  1.8 
 0.875496  1.33417  1.8 
 0.877861  1.33117  1.8 
 0.878788  1.32998  1.8 
 0.880308  1.32816  1.8 
 0.882799  1.32516  1.8 
 0.885265  1.32216  1.8 
 0.887707  1.31916  1.8 
 0.890126  1.31616  1.8 
 0.892521  1.31316  1.8 
 0.894893  1.31016  1.8 
 0.897242  1.30715  1.8 
 0.899568  1.30415  1.8 
 0.901872  1.30115  1.8 
 0.904153  1.29815  1.8 
 0.906412  1.29515  1.8 
 0.90865  1.29215  1.8 
 0.910865  1.28914  1.8 
 0.91306  1.28614  1.8 
 0.915233  1.28314  1.8 
 0.917385  1.28014  1.8 
 0.919516  1.27714  1.8 
 0.921626  1.27414  1.8 
 0.923717  1.27114  1.8 
 0.925787  1.26813  1.8 
 0.927837  1.26513  1.8 
 0.929867  1.26213  1.8 
 0.931878  1.25913  1.8 
 0.93387  1.25613  1.8 
 0.935842  1.25313  1.8 
 0.937796  1.25013  1.8 
 0.939394  1.24765  1.8 
 0.939758  1.24712  1.8 
 0.941834  1.24412  1.8 
 0.94389  1.24112  1.8 
 0.945926  1.23812  1.8 
 0.947942  1.23512  1.8 
 0.949938  1.23212  1.8 
 0.951915  1.22911  1.8 
 0.953874  1.22611  1.8 
 0.955813  1.22311  1.8 
 0.957733  1.22011  1.8 
 0.959635  1.21711  1.8 
 0.961518  1.21411  1.8 
 0.963383  1.21111  1.8 
 0.965231  1.2081  1.8 
 0.96706  1.2051  1.8 
 0.968871  1.2021  1.8 
 0.970665  1.1991  1.8 
 0.972442  1.1961  1.8 
 0.974201  1.1931  1.8 
 0.975944  1.1901  1.8 
 0.977669  1.18709  1.8 
 0.979378  1.18409  1.8 
 0.98107  1.18109  1.8 
 0.982746  1.17809  1.8 
 0.984406  1.17509  1.8 
 0.986049  1.17209  1.8 
 0.987677  1.16908  1.8 
 0.989289  1.16608  1.8 
 0.990885  1.16308  1.8 
 0.992466  1.16008  1.8 
 0.994031  1.15708  1.8 
 0.995581  1.15408  1.8 
 0.997116  1.15108  1.8 
 0.998636  1.14807  1.8 
 1  1.14536  1.8 
 1.00015  1.14507  1.8 
 1.00178  1.14207  1.8 
 1.00339  1.13907  1.8 
 1.00499  1.13607  1.8 
 1.00657  1.13307  1.8 
 1.00813  1.13007  1.8 
 1.00968  1.12706  1.8 
 1.01121  1.12406  1.8 
 1.01273  1.12106  1.8 
 1.01423  1.11806  1.8 
 1.01572  1.11506  1.8 
 1.01719  1.11206  1.8 
 1.01865  1.10905  1.8 
 1.0201  1.10605  1.8 
 1.02153  1.10305  1.8 
 1.02294  1.10005  1.8 
 1.02434  1.09705  1.8 
 1.02573  1.09405  1.8 
 1.0271  1.09105  1.8 
 1.02846  1.08804  1.8 
 1.02981  1.08504  1.8 
 1.03114  1.08204  1.8 
 1.03246  1.07904  1.8 
 1.03377  1.07604  1.8 
 1.03506  1.07304  1.8 
 1.03634  1.07004  1.8 

 0.515152  1.63277  1.8 
 0.517761  1.63132  1.8 
 0.523102  1.62831  1.8 
 0.528385  1.62531  1.8 
 0.533612  1.62231  1.8 
 0.538782  1.61931  1.8 
 0.543897  1.61631  1.8 
 0.548957  1.61331  1.8 
 0.553963  1.61031  1.8 
 0.558916  1.6073  1.8 
 0.563815  1.6043  1.8 
 0.568662  1.6013  1.8 
 0.573458  1.5983  1.8 
 0.575758  1.59685  1.8 
 0.578242  1.5953  1.8 
 0.583011  1.5923  1.8 
 0.58773  1.58929  1.8 
 0.592399  1.58629  1.8 
 0.597018  1.58329  1.8 
 0.601589  1.58029  1.8 
 0.606111  1.57729  1.8 
 0.610586  1.57429  1.8 
 0.615013  1.57129  1.8 
 0.619394  1.56828  1.8 
 0.623729  1.56528  1.8 
 0.628019  1.56228  1.8 
 0.632264  1.55928  1.8 
 0.636364  1.55635  1.8 
 0.636467  1.55628  1.8 
 0.640744  1.55328  1.8 
 0.644976  1.55028  1.8 
 0.649164  1.54727  1.8 
 0.653309  1.54427  1.8 
 0.65741  1.54127  1.8 
 0.661469  1.53827  1.8 
 0.665486  1.53527  1.8 
 0.669461  1.53227  1.8 
 0.673395  1.52926  1.8 
 0.677289  1.52626  1.8 
 0.681142  1.52326  1.8 
 0.684956  1.52026  1.8 
 0.68873  1.51726  1.8 
 0.692466  1.51426  1.8 
 0.696163  1.51126  1.8 
 0.69697  1.5106  1.8 
 0.69994  1.50825  1.8 
 0.703711  1.50525  1.8 
 0.707444  1.50225  1.8 
 0.711138  1.49925  1.8 
 0.714795  1.49625  1.8 
 0.718414  1.49325  1.8 
 0.721997  1.49025  1.8 
 0.725543  1.48724  1.8 
 0.729052  1.48424  1.8 
 0.732527  1.48124  1.8 
 0.735966  1.47824  1.8 
 0.73937  1.47524  1.8 
 0.74274  1.47224  1.8 
 0.746076  1.46923  1.8 
 0.749378  1.46623  1.8 
 0.752647  1.46323  1.8 
 0.755883  1.46023  1.8 
 0.757576  1.45865  1.8 
 0.759166  1.45723  1.8 
 0.762505  1.45423  1.8 
 0.76581  1.45123  1.8 
 0.769081  1.44822  1.8 
 0.77232  1.44522  1.8 
 0.775527  1.44222  1.8 
 0.778701  1.43922  1.8 
 0.781844  1.43622  1.8 
 0.784956  1.43322  1.8 
 0.788036  1.43022  1.8 
 0.791085  1.42721  1.8 
 0.794105  1.42421  1.8 
 0.797094  1.42121  1.8 
 0.800053  1.41821  1.8 
 0.802984  1.41521  1.8 
 0.805885  1.41221  1.8 
 0.808757  1.4092  1.8 
 0.811601  1.4062  1.8 
 0.814417  1.4032  1.8 
 0.817205  1.4002  1.8 
 0.818182  1.39914  1.8 
 0.820079  1.3972  1.8 
 0.822986  1.3942  1.8 
 0.825865  1.3912  1.8 
 0.828716  1.38819  1.8 
 0.831538  1.38519  1.8 
 0.834332  1.38219  1.8 
 0.837099  1.37919  1.8 
 0.839839  1.37619  1.8 
 0.842552  1.37319  1.8 
 0.845238  1.37019  1.8 
 0.847898  1.36718  1.8 
 0.850532  1.36418  1.8 
 0.85314  1.36118  1.8 
 0.855723  1.35818  1.8 
 0.85828  1.35518  1.8 

-0.602705  1.76038  1.8 
-0.591987  1.76338  1.8 
-0.581143  1.76638  1.8 
-0.575758  1.76786  1.8 
-0.569476  1.76938  1.8 
-0.556993  1.77239  1.8 
-0.544363  1.77539  1.8 
-0.531584  1.77839  1.8 
-0.518655  1.78139  1.8 
-0.515152  1.7822  1.8 
-0.503953  1.78439  1.8 
-0.488479  1.78739  1.8 
-0.472821  1.7904  1.8 
-0.456978  1.7934  1.8 
-0.454545  1.79386  1.8 
-0.437766  1.7964  1.8 
-0.417751  1.7994  1.8 
-0.397498  1.8024  1.8 
-0.393939  1.80293  1.8 
-0.371216  1.8054  1.8 
-0.343391  1.8084  1.8 
-0.333333  1.80948  1.8 
-0.30493  1.81141  1.8 
-0.272727  1.81357  1.8 
-0.242214  1.81441  1.8 
-0.212121  1.81523  1.8 
-0.151515  1.81447  1.8 
-0.150317  1.81441  1.8 
-0.0930736  1.81141  1.8 
-0.0909091  1.81129  1.8 
-0.0595708  1.8084  1.8 
-0.030303  1.80568  1.8 
-0.0282111  1.8054  1.8 
-0.00550695  1.8024  1.8 
 0.01693  1.7994  1.8 
 0.030303  1.7976  1.8 
 0.0372618  1.7964  1.8 
 0.0545898  1.7934  1.8 
 0.071715  1.7904  1.8 
 0.0886401  1.78739  1.8 
 0.0909091  1.78699  1.8 
 0.10308  1.78439  1.8 
 0.116997  1.78139  1.8 
 0.130752  1.77839  1.8 
 0.144348  1.77539  1.8 
 0.151515  1.77379  1.8 
 0.157028  1.77239  1.8 
 0.168704  1.76938  1.8 
 0.180245  1.76638  1.8 
 0.191654  1.76338  1.8 
 0.202931  1.76038  1.8 
 0.212121  1.75791  1.8 
 0.213899  1.75738  1.8 
 0.223907  1.75438  1.8 
 0.233801  1.75138  1.8 
 0.243582  1.74837  1.8 
 0.253251  1.74537  1.8 
 0.26281  1.74237  1.8 
 0.27226  1.73937  1.8 
 0.272727  1.73922  1.8 
 0.281001  1.73637  1.8 
 0.289612  1.73337  1.8 
 0.298126  1.73037  1.8 
 0.306543  1.72736  1.8 
 0.314865  1.72436  1.8 
 0.323094  1.72136  1.8 
 0.331229  1.71836  1.8 
 0.333333  1.71758  1.8 
 0.338993  1.71536  1.8 
 0.346572  1.71236  1.8 
 0.354065  1.70935  1.8 
 0.361475  1.70635  1.8 
 0.368802  1.70335  1.8 
 0.376047  1.70035  1.8 
 0.383212  1.69735  1.8 
 0.390296  1.69435  1.8 
 0.393939  1.69279  1.8 
 0.397204  1.69135  1.8 
 0.403931  1.68834  1.8 
 0.410583  1.68534  1.8 
 0.417161  1.68234  1.8 
 0.423667  1.67934  1.8 
 0.430101  1.67634  1.8 
 0.436464  1.67334  1.8 
 0.442757  1.67034  1.8 
 0.448981  1.66733  1.8 
 0.454545  1.66462  1.8 
 0.455129  1.66433  1.8 
 0.461139  1.66133  1.8 
 0.467084  1.65833  1.8 
 0.472964  1.65533  1.8 
 0.478779  1.65233  1.8 
 0.484531  1.64932  1.8 
 0.490221  1.64632  1.8 
 0.495848  1.64332  1.8 
 0.501415  1.64032  1.8 
 0.506921  1.63732  1.8 
 0.512368  1.63432  1.8 
 0.515152  1.63277  1.8 

-1.10848  1.49025  1.8 
-1.10517  1.49325  1.8 
-1.10183  1.49625  1.8 
-1.09845  1.49925  1.8 
-1.09502  1.50225  1.8 
-1.09157  1.50525  1.8 
-1.08807  1.50825  1.8 
-1.08453  1.51126  1.8 
-1.08096  1.51426  1.8 
-1.07734  1.51726  1.8 
-1.07369  1.52026  1.8 
-1.06999  1.52326  1.8 
-1.06625  1.52626  1.8 
-1.06247  1.52926  1.8 
-1.06061  1.53074  1.8 
-1.05872  1.53227  1.8 
-1.05498  1.53527  1.8 
-1.05121  1.53827  1.8 
-1.04739  1.54127  1.8 
-1.04353  1.54427  1.8 
-1.03963  1.54727  1.8 
-1.03568  1.55028  1.8 
-1.03169  1.55328  1.8 
-1.02766  1.55628  1.8 
-1.02358  1.55928  1.8 
-1.01945  1.56228  1.8 
-1.01528  1.56528  1.8 
-1.01106  1.56828  1.8 
-1.0068  1.57129  1.8 
-1.00248  1.57429  1.8 
-1  1.576  1.8 
-0.998162  1.57729  1.8 
-0.993845  1.58029  1.8 
-0.989479  1.58329  1.8 
-0.985064  1.58629  1.8 
-0.9806  1.58929  1.8 
-0.976086  1.5923  1.8 
-0.971521  1.5953  1.8 
-0.966906  1.5983  1.8 
-0.962238  1.6013  1.8 
-0.957518  1.6043  1.8 
-0.952745  1.6073  1.8 
-0.947918  1.61031  1.8 
-0.943037  1.61331  1.8 
-0.939394  1.61553  1.8 
-0.93811  1.61631  1.8 
-0.933155  1.61931  1.8 
-0.928145  1.62231  1.8 
-0.923077  1.62531  1.8 
-0.917953  1.62831  1.8 
-0.912771  1.63132  1.8 
-0.90753  1.63432  1.8 
-0.90223  1.63732  1.8 
-0.89687  1.64032  1.8 
-0.891449  1.64332  1.8 
-0.885967  1.64632  1.8 
-0.880423  1.64932  1.8 
-0.878788  1.6502  1.8 
-0.874786  1.65233  1.8 
-0.869072  1.65533  1.8 
-0.863294  1.65833  1.8 
-0.857449  1.66133  1.8 
-0.851539  1.66433  1.8 
-0.84556  1.66733  1.8 
-0.839514  1.67034  1.8 
-0.833399  1.67334  1.8 
-0.827214  1.67634  1.8 
-0.820958  1.67934  1.8 
-0.818182  1.68066  1.8 
-0.814545  1.68234  1.8 
-0.807991  1.68534  1.8 
-0.801362  1.68834  1.8 
-0.794656  1.69135  1.8 
-0.787874  1.69435  1.8 
-0.781014  1.69735  1.8 
-0.774075  1.70035  1.8 
-0.767056  1.70335  1.8 
-0.759956  1.70635  1.8 
-0.757576  1.70735  1.8 
-0.752569  1.70935  1.8 
-0.744992  1.71236  1.8 
-0.737328  1.71536  1.8 
-0.729576  1.71836  1.8 
-0.721734  1.72136  1.8 
-0.713801  1.72436  1.8 
-0.705776  1.72736  1.8 
-0.697658  1.73037  1.8 
-0.69697  1.73062  1.8 
-0.688957  1.73337  1.8 
-0.680111  1.73637  1.8 
-0.671161  1.73937  1.8 
-0.662107  1.74237  1.8 
-0.652948  1.74537  1.8 
-0.643682  1.74837  1.8 
-0.636364  1.75072  1.8 
-0.634119  1.75138  1.8 
-0.623769  1.75438  1.8 
-0.613298  1.75738  1.8 
-0.602705  1.76038  1.8 

-1.31967  1.2081  1.8 
-1.3183  1.21111  1.8 
-1.31692  1.21411  1.8 
-1.31552  1.21711  1.8 
-1.31409  1.22011  1.8 
-1.31265  1.22311  1.8 
-1.31118  1.22611  1.8 
-1.30969  1.22911  1.8 
-1.30818  1.23212  1.8 
-1.30665  1.23512  1.8 
-1.3051  1.23812  1.8 
-1.30353  1.24112  1.8 
-1.30303  1.24206  1.8 
-1.30202  1.24412  1.8 
-1.30053  1.24712  1.8 
-1.29902  1.25013  1.8 
-1.29749  1.25313  1.8 
-1.29594  1.25613  1.8 
-1.29437  1.25913  1.8 
-1.29277  1.26213  1.8 
-1.29116  1.26513  1.8 
-1.28952  1.26813  1.8 
-1.28786  1.27114  1.8 
-1.28618  1.27414  1.8 
-1.28448  1.27714  1.8 
-1.28275  1.28014  1.8 
-1.28101  1.28314  1.8 
-1.27924  1.28614  1.8 
-1.27745  1.28914  1.8 
-1.27563  1.29215  1.8 
-1.27379  1.29515  1.8 
-1.27193  1.29815  1.8 
-1.27005  1.30115  1.8 
-1.26814  1.30415  1.8 
-1.26621  1.30715  1.8 
-1.26425  1.31016  1.8 
-1.26227  1.31316  1.8 
-1.26027  1.31616  1.8 
-1.25824  1.31916  1.8 
-1.25618  1.32216  1.8 
-1.2541  1.32516  1.8 
-1.252  1.32816  1.8 
-1.24987  1.33117  1.8 
-1.24771  1.33417  1.8 
-1.24553  1.33717  1.8 
-1.24332  1.34017  1.8 
-1.24242  1.34138  1.8 
-1.24118  1.34317  1.8 
-1.23907  1.34617  1.8 
-1.23694  1.34917  1.8 
-1.23478  1.35218  1.8 
-1.2326  1.35518  1.8 
-1.23039  1.35818  1.8 
-1.22815  1.36118  1.8 
-1.22589  1.36418  1.8 
-1.2236  1.36718  1.8 
-1.22129  1.37019  1.8 
-1.21895  1.37319  1.8 
-1.21658  1.37619  1.8 
-1.21418  1.37919  1.8 
-1.21176  1.38219  1.8 
-1.2093  1.38519  1.8 
-1.20682  1.38819  1.8 
-1.20431  1.3912  1.8 
-1.20177  1.3942  1.8 
-1.19921  1.3972  1.8 
-1.19661  1.4002  1.8 
-1.19398  1.4032  1.8 
-1.19132  1.4062  1.8 
-1.18864  1.4092  1.8 
-1.18592  1.41221  1.8 
-1.18317  1.41521  1.8 
-1.18182  1.41667  1.8 
-1.18047  1.41821  1.8 
-1.17782  1.42121  1.8 
-1.17514  1.42421  1.8 
-1.17243  1.42721  1.8 
-1.16969  1.43022  1.8 
-1.16691  1.43322  1.8 
-1.16411  1.43622  1.8 
-1.16127  1.43922  1.8 
-1.1584  1.44222  1.8 
-1.1555  1.44522  1.8 
-1.15257  1.44822  1.8 
-1.1496  1.45123  1.8 
-1.1466  1.45423  1.8 
-1.14357  1.45723  1.8 
-1.1405  1.46023  1.8 
-1.1374  1.46323  1.8 
-1.13426  1.46623  1.8 
-1.13109  1.46923  1.8 
-1.12788  1.47224  1.8 
-1.12464  1.47524  1.8 
-1.12136  1.47824  1.8 
-1.12121  1.47837  1.8 
-1.11819  1.48124  1.8 
-1.11499  1.48424  1.8 
-1.11175  1.48724  1.8 
-1.10848  1.49025  1.8 

-1.36687  0.916958  1.8 
-1.36723  0.91996  1.8 
-1.36757  0.922961  1.8 
-1.3679  0.925963  1.8 
-1.3682  0.928964  1.8 
-1.36848  0.931966  1.8 
-1.36875  0.934967  1.8 
-1.369  0.937969  1.8 
-1.36923  0.94097  1.8 
-1.36943  0.943972  1.8 
-1.36963  0.946973  1.8 
-1.3698  0.949975  1.8 
-1.36995  0.952976  1.8 
-1.37009  0.955978  1.8 
-1.3702  0.958979  1.8 
-1.3703  0.961981  1.8 
-1.37038  0.964982  1.8 
-1.37044  0.967984  1.8 
-1.37049  0.970985  1.8 
-1.37051  0.973987  1.8 
-1.37052  0.976988  1.8 
-1.37051  0.97999  1.8 
-1.37048  0.982991  1.8 
-1.37043  0.985993  1.8 
-1.37036  0.988994  1.8 
-1.37028  0.991996  1.8 
-1.37018  0.994997  1.8 
-1.37006  0.997999  1.8 
-1.36992  1.001  1.8 
-1.36976  1.004  1.8 
-1.36959  1.007  1.8 
-1.3694  1.01001  1.8 
-1.36918  1.01301  1.8 
-1.36896  1.01601  1.8 
-1.36871  1.01901  1.8 
-1.36844  1.02201  1.8 
-1.36816  1.02501  1.8 
-1.36786  1.02801  1.8 
-1.36754  1.03102  1.8 
-1.3672  1.03402  1.8 
-1.36685  1.03702  1.8 
-1.36648  1.04002  1.8 
-1.36608  1.04302  1.8 
-1.36567  1.04602  1.8 
-1.36525  1.04902  1.8 
-1.3648  1.05203  1.8 
-1.36434  1.05503  1.8 
-1.36385  1.05803  1.8 
-1.36364  1.05933  1.8 
-1.36338  1.06103  1.8 
-1.36291  1.06403  1.8 
-1.36242  1.06703  1.8 
-1.36192  1.07004  1.8 
-1.36139  1.07304  1.8 
-1.36086  1.07604  1.8 
-1.3603  1.07904  1.8 
-1.35973  1.08204  1.8 
-1.35914  1.08504  1.8 
-1.35854  1.08804  1.8 
-1.35791  1.09105  1.8 
-1.35727  1.09405  1.8 
-1.35662  1.09705  1.8 
-1.35594  1.10005  1.8 
-1.35525  1.10305  1.8 
-1.35454  1.10605  1.8 
-1.35382  1.10905  1.8 
-1.35307  1.11206  1.8 
-1.35231  1.11506  1.8 
-1.35154  1.11806  1.8 
-1.35074  1.12106  1.8 
-1.34993  1.12406  1.8 
-1.3491  1.12706  1.8 
-1.34825  1.13007  1.8 
-1.34738  1.13307  1.8 
-1.3465  1.13607  1.8 
-1.34559  1.13907  1.8 
-1.34467  1.14207  1.8 
-1.34373  1.14507  1.8 
-1.34278  1.14807  1.8 
-1.3418  1.15108  1.8 
-1.34081  1.15408  1.8 
-1.3398  1.15708  1.8 
-1.33876  1.16008  1.8 
-1.33772  1.16308  1.8 
-1.33665  1.16608  1.8 
-1.33556  1.16908  1.8 
-1.33445  1.17209  1.8 
-1.33333  1.17509  1.8 
-1.33218  1.17809  1.8 
-1.33102  1.18109  1.8 
-1.32984  1.18409  1.8 
-1.32864  1.18709  1.8 
-1.32741  1.1901  1.8 
-1.32617  1.1931  1.8 
-1.32491  1.1961  1.8 
-1.32363  1.1991  1.8 
-1.32233  1.2021  1.8 
-1.32101  1.2051  1.8 
-1.31967  1.2081  1.8 

-1.24597  0.628814  1.8 
-1.24824  0.631816  1.8 
-1.25049  0.634817  1.8 
-1.2527  0.637819  1.8 
-1.25489  0.64082  1.8 
-1.25705  0.643822  1.8 
-1.25919  0.646823  1.8 
-1.26129  0.649825  1.8 
-1.26338  0.652826  1.8 
-1.26543  0.655828  1.8 
-1.26746  0.658829  1.8 
-1.26946  0.661831  1.8 
-1.27144  0.664832  1.8 
-1.27339  0.667834  1.8 
-1.27531  0.670835  1.8 
-1.27721  0.673837  1.8 
-1.27908  0.676838  1.8 
-1.28093  0.67984  1.8 
-1.28276  0.682841  1.8 
-1.28456  0.685843  1.8 
-1.28634  0.688844  1.8 
-1.28809  0.691846  1.8 
-1.28981  0.694847  1.8 
-1.29152  0.697849  1.8 
-1.2932  0.70085  1.8 
-1.29486  0.703852  1.8 
-1.29649  0.706853  1.8 
-1.2981  0.709855  1.8 
-1.29969  0.712856  1.8 
-1.30125  0.715858  1.8 
-1.30279  0.718859  1.8 
-1.30303  0.719328  1.8 
-1.30444  0.721861  1.8 
-1.30609  0.724862  1.8 
-1.30772  0.727864  1.8 
-1.30932  0.730865  1.8 
-1.31089  0.733867  1.8 
-1.31245  0.736868  1.8 
-1.31397  0.73987  1.8 
-1.31547  0.742871  1.8 
-1.31695  0.745873  1.8 
-1.31841  0.748874  1.8 
-1.31984  0.751876  1.8 
-1.32125  0.754877  1.8 
-1.32263  0.757879  1.8 
-1.324  0.76088  1.8 
-1.32534  0.763882  1.8 
-1.32665  0.766883  1.8 
-1.32795  0.769885  1.8 
-1.32922  0.772886  1.8 
-1.33047  0.775888  1.8 
-1.3317  0.778889  1.8 
-1.3329  0.781891  1.8 
-1.33409  0.784892  1.8 
-1.33525  0.787894  1.8 
-1.33639  0.790895  1.8 
-1.33751  0.793897  1.8 
-1.33861  0.796898  1.8 
-1.33969  0.7999  1.8 
-1.34074  0.802901  1.8 
-1.34178  0.805903  1.8 
-1.34279  0.808904  1.8 
-1.34379  0.811906  1.8 
-1.34476  0.814907  1.8 
-1.34572  0.817909  1.8 
-1.34665  0.82091  1.8 
-1.34757  0.823912  1.8 
-1.34846  0.826913  1.8 
-1.34934  0.829915  1.8 
-1.35019  0.832916  1.8 
-1.35103  0.835918  1.8 
-1.35184  0.838919  1.8 
-1.35264  0.841921  1.8 
-1.35342  0.844922  1.8 
-1.35418  0.847924  1.8 
-1.35492  0.850925  1.8 
-1.35564  0.853927  1.8 
-1.35634  0.856928  1.8 
-1.35702  0.85993  1.8 
-1.35769  0.862931  1.8 
-1.35833  0.865933  1.8 
-1.35896  0.868934  1.8 
-1.35957  0.871936  1.8 
-1.36016  0.874937  1.8 
-1.36073  0.877939  1.8 
-1.36129  0.88094  1.8 
-1.36182  0.883942  1.8 
-1.36234  0.886943  1.8 
-1.36284  0.889945  1.8 
-1.36333  0.892946  1.8 
-1.36364  0.894941  1.8 
-1.36381  0.895948  1.8 
-1.36431  0.898949  1.8 
-1.36478  0.901951  1.8 
-1.36524  0.904952  1.8 
-1.36568  0.907954  1.8 
-1.36609  0.910955  1.8 
-1.36649  0.913957  1.8 
-1.36687  0.916958  1.8 

-0.96265  0.349675  1.8 
-0.96649  0.352676  1.8 
-0.970312  0.355678  1.8 
-0.974113  0.358679  1.8 
-0.977895  0.361681  1.8 
-0.981656  0.364682  1.8 
-0.985398  0.367684  1.8 
-0.989118  0.370685  1.8 
-0.992818  0.373687  1.8 
-0.996497  0.376688  1.8 
-1  0.379563  1.8 
-1.00016  0.37969  1.8 
-1.00388  0.382691  1.8 
-1.00758  0.385693  1.8 
-1.01125  0.388694  1.8 
-1.0149  0.391696  1.8 
-1.01853  0.394697  1.8 
-1.02214  0.397699  1.8 
-1.02573  0.4007  1.8 
-1.02929  0.403702  1.8 
-1.03282  0.406703  1.8 
-1.03634  0.409705  1.8 
-1.03983  0.412706  1.8 
-1.0433  0.415708  1.8 
-1.04674  0.418709  1.8 
-1.05016  0.421711  1.8 
-1.05355  0.424712  1.8 
-1.05692  0.427714  1.8 
-1.06027  0.430715  1.8 
-1.06061  0.431017  1.8 
-1.06373  0.433717  1.8 
-1.06717  0.436718  1.8 
-1.07059  0.43972  1.8 
-1.07398  0.442721  1.8 
-1.07734  0.445723  1.8 
-1.08068  0.448724  1.8 
-1.08399  0.451726  1.8 
-1.08728  0.454727  1.8 
-1.09054  0.457729  1.8 
-1.09378  0.46073  1.8 
-1.09698  0.463732  1.8 
-1.10017  0.466733  1.8 
-1.10332  0.469735  1.8 
-1.10645  0.472736  1.8 
-1.10956  0.475738  1.8 
-1.11263  0.478739  1.8 
-1.11569  0.481741  1.8 
-1.11871  0.484742  1.8 
-1.12121  0.487243  1.8 
-1.12174  0.487744  1.8 
-1.1249  0.490745  1.8 
-1.12803  0.493747  1.8 
-1.13114  0.496748  1.8 
-1.13421  0.49975  1.8 
-1.13726  0.502751  1.8 
-1.14028  0.505753  1.8 
-1.14327  0.508754  1.8 
-1.14623  0.511756  1.8 
-1.14916  0.514757  1.8 
-1.15207  0.517759  1.8 
-1.15495  0.52076  1.8 
-1.1578  0.523762  1.8 
-1.16063  0.526763  1.8 
-1.16343  0.529765  1.8 
-1.1662  0.532766  1.8 
-1.16894  0.535768  1.8 
-1.17166  0.538769  1.8 
-1.17434  0.541771  1.8 
-1.17701  0.544772  1.8 
-1.17964  0.547774  1.8 
-1.18182  0.550274  1.8 
-1.18229  0.550775  1.8 
-1.18507  0.553777  1.8 
-1.18783  0.556778  1.8 
-1.19056  0.55978  1.8 
-1.19326  0.562781  1.8 
-1.19593  0.565783  1.8 
-1.19857  0.568784  1.8 
-1.20118  0.571786  1.8 
-1.20377  0.574787  1.8 
-1.20633  0.577789  1.8 
-1.20885  0.58079  1.8 
-1.21136  0.583792  1.8 
-1.21383  0.586793  1.8 
-1.21628  0.589795  1.8 
-1.2187  0.592796  1.8 
-1.22109  0.595798  1.8 
-1.22345  0.598799  1.8 
-1.22579  0.601801  1.8 
-1.22811  0.604802  1.8 
-1.23039  0.607804  1.8 
-1.23265  0.610805  1.8 
-1.23489  0.613807  1.8 
-1.23709  0.616808  1.8 
-1.23928  0.61981  1.8 
-1.24143  0.622811  1.8 
-1.24242  0.624204  1.8 
-1.24367  0.625813  1.8 
-1.24597  0.628814  1.8 

-0.333333  0.0876202  1.8 
-0.393939  0.0864495  1.8 
-0.423949  0.0885443  1.8 
-0.454545  0.0907395  1.8 
-0.459147  0.0915458  1.8 
-0.476217  0.0945473  1.8 
-0.493094  0.0975488  1.8 
-0.509779  0.10055  1.8 
-0.515152  0.101521  1.8 
-0.522183  0.103552  1.8 
-0.532565  0.106553  1.8 
-0.542912  0.109555  1.8 
-0.553224  0.112556  1.8 
-0.563498  0.115558  1.8 
-0.573734  0.118559  1.8 
-0.575758  0.119152  1.8 
-0.581818  0.121561  1.8 
-0.589375  0.124562  1.8 
-0.596931  0.127564  1.8 
-0.604482  0.130565  1.8 
-0.612029  0.133567  1.8 
-0.619569  0.136568  1.8 
-0.627102  0.13957  1.8 
-0.634626  0.142571  1.8 
-0.636364  0.143263  1.8 
-0.641059  0.145573  1.8 
-0.64717  0.148574  1.8 
-0.653285  0.151576  1.8 
-0.659402  0.154577  1.8 
-0.665521  0.157579  1.8 
-0.671641  0.16058  1.8 
-0.67776  0.163582  1.8 
-0.683878  0.166583  1.8 
-0.689992  0.169585  1.8 
-0.696104  0.172586  1.8 
-0.69697  0.173011  1.8 
-0.701506  0.175588  1.8 
-0.706794  0.178589  1.8 
-0.712085  0.181591  1.8 
-0.717376  0.184592  1.8 
-0.722668  0.187594  1.8 
-0.72796  0.190595  1.8 
-0.733249  0.193597  1.8 
-0.738537  0.196598  1.8 
-0.743821  0.1996  1.8 
-0.749102  0.202601  1.8 
-0.754377  0.205603  1.8 
-0.757576  0.207422  1.8 
-0.759455  0.208604  1.8 
-0.764235  0.211606  1.8 
-0.769012  0.214607  1.8 
-0.773787  0.217609  1.8 
-0.778559  0.22061  1.8 
-0.783327  0.223612  1.8 
-0.78809  0.226613  1.8 
-0.792848  0.229615  1.8 
-0.797599  0.232616  1.8 
-0.802344  0.235618  1.8 
-0.807081  0.238619  1.8 
-0.81181  0.241621  1.8 
-0.81653  0.244622  1.8 
-0.818182  0.245673  1.8 
-0.821066  0.247624  1.8 
-0.825499  0.250625  1.8 
-0.829926  0.253627  1.8 
-0.834344  0.256628  1.8 
-0.838754  0.25963  1.8 
-0.843156  0.262631  1.8 
-0.847547  0.265633  1.8 
-0.851929  0.268634  1.8 
-0.8563  0.271636  1.8 
-0.86066  0.274637  1.8 
-0.865008  0.277639  1.8 
-0.869344  0.28064  1.8 
-0.873667  0.283642  1.8 
-0.877977  0.286643  1.8 
-0.878788  0.287209  1.8 
-0.882179  0.289645  1.8 
-0.886346  0.292646  1.8 
-0.890501  0.295648  1.8 
-0.894643  0.298649  1.8 
-0.898772  0.301651  1.8 
-0.902886  0.304652  1.8 
-0.906986  0.307654  1.8 
-0.911071  0.310655  1.8 
-0.91514  0.313657  1.8 
-0.919195  0.316658  1.8 
-0.923233  0.31966  1.8 
-0.927254  0.322661  1.8 
-0.931259  0.325663  1.8 
-0.935246  0.328664  1.8 
-0.939216  0.331666  1.8 
-0.939394  0.3318  1.8 
-0.943167  0.334667  1.8 
-0.9471  0.337669  1.8 
-0.951015  0.34067  1.8 
-0.954912  0.343672  1.8 
-0.95879  0.346673  1.8 
-0.96265  0.349675  1.8 

 0.652649 -0.0255128  1.8 
 0.651868 -0.0225113  1.8 
 0.65104 -0.0195098  1.8 
 0.650164 -0.0165083  1.8 
 0.649238 -0.0135068  1.8 
 0.64826 -0.0105053  1.8 
 0.647229 -0.00750375  1.8 
 0.646142 -0.00450225  1.8 
 0.644997 -0.00150075  1.8 
 0.643792  0.00150075  1.8 
 0.642525  0.00450225  1.8 
 0.641194  0.00750375  1.8 
 0.639795  0.0105053  1.8 
 0.638326  0.0135068  1.8 
 0.636784  0.0165083  1.8 
 0.636364  0.0172951  1.8 
 0.63523  0.0195098  1.8 
 0.633625  0.0225113  1.8 
 0.631942  0.0255128  1.8 
 0.630179  0.0285143  1.8 
 0.628332  0.0315158  1.8 
 0.626398  0.0345173  1.8 
 0.624372  0.0375188  1.8 
 0.622251  0.0405203  1.8 
 0.620029  0.0435218  1.8 
 0.617704  0.0465233  1.8 
 0.615269  0.0495248  1.8 
 0.612719  0.0525263  1.8 
 0.610049  0.0555278  1.8 
 0.607252  0.0585293  1.8 
 0.604324  0.0615308  1.8 
 0.601255  0.0645323  1.8 
 0.598041  0.0675338  1.8 
 0.594671  0.0705353  1.8 
 0.591139  0.0735368  1.8 
 0.587435  0.0765383  1.8 
 0.583549  0.0795398  1.8 
 0.579472  0.0825413  1.8 
 0.575758  0.0851519  1.8 
 0.575193  0.0855428  1.8 
 0.570707  0.0885443  1.8 
 0.565992  0.0915458  1.8 
 0.561034  0.0945473  1.8 
 0.555816  0.0975488  1.8 
 0.550321  0.10055  1.8 
 0.544531  0.103552  1.8 
 0.538426  0.106553  1.8 
 0.531983  0.109555  1.8 
 0.525177  0.112556  1.8 
 0.517982  0.115558  1.8 
 0.515152  0.11669  1.8 
 0.510026  0.118559  1.8 
 0.501363  0.121561  1.8 
 0.49215  0.124562  1.8 
 0.482339  0.127564  1.8 
 0.471875  0.130565  1.8 
 0.460697  0.133567  1.8 
 0.454545  0.135133  1.8 
 0.447647  0.136568  1.8 
 0.43232  0.13957  1.8 
 0.415705  0.142571  1.8 
 0.397643  0.145573  1.8 
 0.393939  0.146156  1.8 
 0.37114  0.148574  1.8 
 0.339637  0.151576  1.8 
 0.333333  0.152133  1.8 
 0.272727  0.154318  1.8 
 0.212121  0.153471  1.8 
 0.178561  0.151576  1.8 
 0.151515  0.150124  1.8 
 0.134662  0.148574  1.8 
 0.101053  0.145573  1.8 
 0.0909091  0.144689  1.8 
 0.0732207  0.142571  1.8 
 0.0477839  0.13957  1.8 
 0.030303  0.137535  1.8 
 0.0234224  0.136568  1.8 
 0.00204635  0.133567  1.8 
-0.0194339  0.130565  1.8 
-0.030303  0.129049  1.8 
-0.0399773  0.127564  1.8 
-0.0594343  0.124562  1.8 
-0.0788123  0.121561  1.8 
-0.0909091  0.119678  1.8 
-0.0980332  0.118559  1.8 
-0.11696  0.115558  1.8 
-0.135676  0.112556  1.8 
-0.151515  0.109988  1.8 
-0.154432  0.109555  1.8 
-0.17438  0.106553  1.8 
-0.19397  0.103552  1.8 
-0.212121  0.10072  1.8 
-0.213483  0.10055  1.8 
-0.237073  0.0975488  1.8 
-0.260041  0.0945473  1.8 
-0.272727  0.092851  1.8 
-0.288325  0.0915458  1.8 
-0.322995  0.0885443  1.8 
-0.333333  0.0876202  1.8 

 0.63178 -0.316658  1.8 
 0.632323 -0.313657  1.8 
 0.632866 -0.310655  1.8 
 0.633408 -0.307654  1.8 
 0.63395 -0.304652  1.8 
 0.634492 -0.301651  1.8 
 0.635032 -0.298649  1.8 
 0.635572 -0.295648  1.8 
 0.636111 -0.292646  1.8 
 0.636364 -0.291235  1.8 
 0.636662 -0.289645  1.8 
 0.637223 -0.286643  1.8 
 0.637783 -0.283642  1.8 
 0.638341 -0.28064  1.8 
 0.638897 -0.277639  1.8 
 0.639451 -0.274637  1.8 
 0.640004 -0.271636  1.8 
 0.640554 -0.268634  1.8 
 0.641101 -0.265633  1.8 
 0.641646 -0.262631  1.8 
 0.642188 -0.25963  1.8 
 0.642727 -0.256628  1.8 
 0.643263 -0.253627  1.8 
 0.643796 -0.250625  1.8 
 0.644325 -0.247624  1.8 
 0.64485 -0.244622  1.8 
 0.645372 -0.241621  1.8 
 0.645889 -0.238619  1.8 
 0.646402 -0.235618  1.8 
 0.64691 -0.232616  1.8 
 0.647414 -0.229615  1.8 
 0.647913 -0.226613  1.8 
 0.648406 -0.223612  1.8 
 0.648894 -0.22061  1.8 
 0.649377 -0.217609  1.8 
 0.649853 -0.214607  1.8 
 0.650324 -0.211606  1.8 
 0.650788 -0.208604  1.8 
 0.651245 -0.205603  1.8 
 0.651696 -0.202601  1.8 
 0.65214 -0.1996  1.8 
 0.652576 -0.196598  1.8 
 0.653004 -0.193597  1.8 
 0.653425 -0.190595  1.8 
 0.653838 -0.187594  1.8 
 0.654242 -0.184592  1.8 
 0.654637 -0.181591  1.8 
 0.655024 -0.178589  1.8 
 0.655401 -0.175588  1.8 
 0.655768 -0.172586  1.8 
 0.656125 -0.169585  1.8 
 0.656473 -0.166583  1.8 
 0.656809 -0.163582  1.8 
 0.657135 -0.16058  1.8 
 0.657449 -0.157579  1.8 
 0.657752 -0.154577  1.8 
 0.658042 -0.151576  1.8 
 0.658321 -0.148574  1.8 
 0.658586 -0.145573  1.8 
 0.658839 -0.142571  1.8 
 0.659078 -0.13957  1.8 
 0.659303 -0.136568  1.8 
 0.659513 -0.133567  1.8 
 0.659709 -0.130565  1.8 
 0.65989 -0.127564  1.8 
 0.660054 -0.124562  1.8 
 0.660203 -0.121561  1.8 
 0.660335 -0.118559  1.8 
 0.66045 -0.115558  1.8 
 0.660547 -0.112556  1.8 
 0.660626 -0.109555  1.8 
 0.660686 -0.106553  1.8 
 0.660727 -0.103552  1.8 
 0.660748 -0.10055  1.8 
 0.660749 -0.0975488  1.8 
 0.660728 -0.0945473  1.8 
 0.660686 -0.0915458  1.8 
 0.660622 -0.0885443  1.8 
 0.660534 -0.0855428  1.8 
 0.660423 -0.0825413  1.8 
 0.660287 -0.0795398  1.8 
 0.660126 -0.0765383  1.8 
 0.659939 -0.0735368  1.8 
 0.659725 -0.0705353  1.8 
 0.659483 -0.0675338  1.8 
 0.659213 -0.0645323  1.8 
 0.658914 -0.0615308  1.8 
 0.658584 -0.0585293  1.8 
 0.658223 -0.0555278  1.8 
 0.65783 -0.0525263  1.8 
 0.657403 -0.0495248  1.8 
 0.656942 -0.0465233  1.8 
 0.656445 -0.0435218  1.8 
 0.655912 -0.0405203  1.8 
 0.655341 -0.0375188  1.8 
 0.65473 -0.0345173  1.8 
 0.654079 -0.0315158  1.8 
 0.653386 -0.0285143  1.8 
 0.652649 -0.0255128  1.8 

 0.591953 -0.610805  1.8 
 0.592142 -0.607804  1.8 
 0.592336 -0.604802  1.8 
 0.592535 -0.601801  1.8 
 0.59274 -0.598799  1.8 
 0.59295 -0.595798  1.8 
 0.593165 -0.592796  1.8 
 0.593385 -0.589795  1.8 
 0.593611 -0.586793  1.8 
 0.593842 -0.583792  1.8 
 0.594078 -0.58079  1.8 
 0.594319 -0.577789  1.8 
 0.594566 -0.574787  1.8 
 0.594817 -0.571786  1.8 
 0.595074 -0.568784  1.8 
 0.595336 -0.565783  1.8 
 0.595604 -0.562781  1.8 
 0.595876 -0.55978  1.8 
 0.596154 -0.556778  1.8 
 0.596436 -0.553777  1.8 
 0.596724 -0.550775  1.8 
 0.597017 -0.547774  1.8 
 0.597315 -0.544772  1.8 
 0.597618 -0.541771  1.8 
 0.597926 -0.538769  1.8 
 0.598239 -0.535768  1.8 
 0.598557 -0.532766  1.8 
 0.59888 -0.529765  1.8 
 0.599208 -0.526763  1.8 
 0.599541 -0.523762  1.8 
 0.599879 -0.52076  1.8 
 0.600221 -0.517759  1.8 
 0.600569 -0.514757  1.8 
 0.600921 -0.511756  1.8 
 0.601278 -0.508754  1.8 
 0.60164 -0.505753  1.8 
 0.602007 -0.502751  1.8 
 0.602378 -0.49975  1.8 
 0.602754 -0.496748  1.8 
 0.603134 -0.493747  1.8 
 0.60352 -0.490745  1.8 
 0.603909 -0.487744  1.8 
 0.604303 -0.484742  1.8 
 0.604702 -0.481741  1.8 
 0.605105 -0.478739  1.8 
 0.605513 -0.475738  1.8 
 0.605924 -0.472736  1.8 
 0.606341 -0.469735  1.8 
 0.606761 -0.466733  1.8 
 0.607186 -0.463732  1.8 
 0.607614 -0.46073  1.8 
 0.608047 -0.457729  1.8 
 0.608484 -0.454727  1.8 
 0.608925 -0.451726  1.8 
 0.60937 -0.448724  1.8 
 0.609818 -0.445723  1.8 
 0.610271 -0.442721  1.8 
 0.610727 -0.43972  1.8 
 0.611188 -0.436718  1.8 
 0.611651 -0.433717  1.8 
 0.612119 -0.430715  1.8 
 0.612589 -0.427714  1.8 
 0.613064 -0.424712  1.8 
 0.613542 -0.421711  1.8 
 0.614023 -0.418709  1.8 
 0.614507 -0.415708  1.8 
 0.614995 -0.412706  1.8 
 0.615485 -0.409705  1.8 
 0.615979 -0.406703  1.8 
 0.616476 -0.403702  1.8 
 0.616975 -0.4007  1.8 
 0.617478 -0.397699  1.8 
 0.617983 -0.394697  1.8 
 0.618491 -0.391696  1.8 
 0.619001 -0.388694  1.8 
 0.619514 -0.385693  1.8 
 0.620029 -0.382691  1.8 
 0.620547 -0.37969  1.8 
 0.621067 -0.376688  1.8 
 0.621589 -0.373687  1.8 
 0.622113 -0.370685  1.8 
 0.622639 -0.367684  1.8 
 0.623167 -0.364682  1.8 
 0.623697 -0.361681  1.8 
 0.624228 -0.358679  1.8 
 0.624761 -0.355678  1.8 
 0.625295 -0.352676  1.8 
 0.625831 -0.349675  1.8 
 0.626367 -0.346673  1.8 
 0.626905 -0.343672  1.8 
 0.627444 -0.34067  1.8 
 0.627984 -0.337669  1.8 
 0.628525 -0.334667  1.8 
 0.629067 -0.331666  1.8 
 0.629609 -0.328664  1.8 
 0.630151 -0.325663  1.8 
 0.630694 -0.322661  1.8 
 0.631237 -0.31966  1.8 
 0.63178 -0.316658  1.8 

 0.600198 -0.904952  1.8 
 0.599812 -0.901951  1.8 
 0.599435 -0.898949  1.8 
 0.599065 -0.895948  1.8 
 0.598702 -0.892946  1.8 
 0.598348 -0.889945  1.8 
 0.598 -0.886943  1.8 
 0.59766 -0.883942  1.8 
 0.597327 -0.88094  1.8 
 0.597002 -0.877939  1.8 
 0.596684 -0.874937  1.8 
 0.596372 -0.871936  1.8 
 0.596068 -0.868934  1.8 
 0.595771 -0.865933  1.8 
 0.59548 -0.862931  1.8 
 0.595196 -0.85993  1.8 
 0.594919 -0.856928  1.8 
 0.594649 -0.853927  1.8 
 0.594385 -0.850925  1.8 
 0.594128 -0.847924  1.8 
 0.593878 -0.844922  1.8 
 0.593633 -0.841921  1.8 
 0.593396 -0.838919  1.8 
 0.593164 -0.835918  1.8 
 0.592939 -0.832916  1.8 
 0.59272 -0.829915  1.8 
 0.592507 -0.826913  1.8 
 0.592301 -0.823912  1.8 
 0.5921 -0.82091  1.8 
 0.591906 -0.817909  1.8 
 0.591718 -0.814907  1.8 
 0.591535 -0.811906  1.8 
 0.591359 -0.808904  1.8 
 0.591188 -0.805903  1.8 
 0.591024 -0.802901  1.8 
 0.590865 -0.7999  1.8 
 0.590712 -0.796898  1.8 
 0.590565 -0.793897  1.8 
 0.590423 -0.790895  1.8 
 0.590288 -0.787894  1.8 
 0.590158 -0.784892  1.8 
 0.590034 -0.781891  1.8 
 0.589915 -0.778889  1.8 
 0.589802 -0.775888  1.8 
 0.589695 -0.772886  1.8 
 0.589593 -0.769885  1.8 
 0.589497 -0.766883  1.8 
 0.589407 -0.763882  1.8 
 0.589322 -0.76088  1.8 
 0.589242 -0.757879  1.8 
 0.589168 -0.754877  1.8 
 0.5891 -0.751876  1.8 
 0.589037 -0.748874  1.8 
 0.588979 -0.745873  1.8 
 0.588927 -0.742871  1.8 
 0.588881 -0.73987  1.8 
 0.588839 -0.736868  1.8 
 0.588804 -0.733867  1.8 
 0.588773 -0.730865  1.8 
 0.588748 -0.727864  1.8 
 0.588729 -0.724862  1.8 
 0.588715 -0.721861  1.8 
 0.588706 -0.718859  1.8 
 0.588703 -0.715858  1.8 
 0.588705 -0.712856  1.8 
 0.588712 -0.709855  1.8 
 0.588725 -0.706853  1.8 
 0.588743 -0.703852  1.8 
 0.588767 -0.70085  1.8 
 0.588795 -0.697849  1.8 
 0.58883 -0.694847  1.8 
 0.588869 -0.691846  1.8 
 0.588914 -0.688844  1.8 
 0.588964 -0.685843  1.8 
 0.58902 -0.682841  1.8 
 0.589081 -0.67984  1.8 
 0.589147 -0.676838  1.8 
 0.589219 -0.673837  1.8 
 0.589296 -0.670835  1.8 
 0.589378 -0.667834  1.8 
 0.589465 -0.664832  1.8 
 0.589558 -0.661831  1.8 
 0.589657 -0.658829  1.8 
 0.58976 -0.655828  1.8 
 0.589869 -0.652826  1.8 
 0.589984 -0.649825  1.8 
 0.590103 -0.646823  1.8 
 0.590228 -0.643822  1.8 
 0.590358 -0.64082  1.8 
 0.590494 -0.637819  1.8 
 0.590635 -0.634817  1.8 
 0.590781 -0.631816  1.8 
 0.590933 -0.628814  1.8 
 0.591089 -0.625813  1.8 
 0.591252 -0.622811  1.8 
 0.591419 -0.61981  1.8 
 0.591592 -0.616808  1.8 
 0.59177 -0.613807  1.8 
 0.591953 -0.610805  1.8 

 0.69697 -1.19437  1.8 
 0.696158 -1.1931  1.8 
 0.694273 -1.1901  1.8 
 0.692414 -1.18709  1.8 
 0.690578 -1.18409  1.8 
 0.688767 -1.18109  1.8 
 0.68698 -1.17809  1.8 
 0.685218 -1.17509  1.8 
 0.683478 -1.17209  1.8 
 0.681763 -1.16908  1.8 
 0.680071 -1.16608  1.8 
 0.678402 -1.16308  1.8 
 0.676756 -1.16008  1.8 
 0.675132 -1.15708  1.8 
 0.673532 -1.15408  1.8 
 0.671953 -1.15108  1.8 
 0.670397 -1.14807  1.8 
 0.668863 -1.14507  1.8 
 0.667351 -1.14207  1.8 
 0.66586 -1.13907  1.8 
 0.664391 -1.13607  1.8 
 0.662942 -1.13307  1.8 
 0.661515 -1.13007  1.8 
 0.660108 -1.12706  1.8 
 0.658722 -1.12406  1.8 
 0.657356 -1.12106  1.8 
 0.65601 -1.11806  1.8 
 0.654684 -1.11506  1.8 
 0.653378 -1.11206  1.8 
 0.652091 -1.10905  1.8 
 0.650823 -1.10605  1.8 
 0.649574 -1.10305  1.8 
 0.648344 -1.10005  1.8 
 0.647132 -1.09705  1.8 
 0.645939 -1.09405  1.8 
 0.644764 -1.09105  1.8 
 0.643606 -1.08804  1.8 
 0.642467 -1.08504  1.8 
 0.641344 -1.08204  1.8 
 0.640239 -1.07904  1.8 
 0.639151 -1.07604  1.8 
 0.63808 -1.07304  1.8 
 0.637026 -1.07004  1.8 
 0.636364 -1.06812  1.8 
 0.635994 -1.06703  1.8 
 0.634989 -1.06403  1.8 
 0.634001 -1.06103  1.8 
 0.633028 -1.05803  1.8 
 0.632071 -1.05503  1.8 
 0.63113 -1.05203  1.8 
 0.630203 -1.04902  1.8 
 0.629292 -1.04602  1.8 
 0.628396 -1.04302  1.8 
 0.627515 -1.04002  1.8 
 0.626648 -1.03702  1.8 
 0.625795 -1.03402  1.8 
 0.624957 -1.03102  1.8 
 0.624132 -1.02801  1.8 
 0.623321 -1.02501  1.8 
 0.622523 -1.02201  1.8 
 0.621739 -1.01901  1.8 
 0.620968 -1.01601  1.8 
 0.62021 -1.01301  1.8 
 0.619465 -1.01001  1.8 
 0.618732 -1.007  1.8 
 0.618012 -1.004  1.8 
 0.617304 -1.001  1.8 
 0.616608 -0.997999  1.8 
 0.615923 -0.994997  1.8 
 0.615251 -0.991996  1.8 
 0.61459 -0.988994  1.8 
 0.613941 -0.985993  1.8 
 0.613303 -0.982991  1.8 
 0.612676 -0.97999  1.8 
 0.61206 -0.976988  1.8 
 0.611454 -0.973987  1.8 
 0.61086 -0.970985  1.8 
 0.610275 -0.967984  1.8 
 0.609702 -0.964982  1.8 
 0.609138 -0.961981  1.8 
 0.608584 -0.958979  1.8 
 0.608041 -0.955978  1.8 
 0.607507 -0.952976  1.8 
 0.606983 -0.949975  1.8 
 0.606468 -0.946973  1.8 
 0.605963 -0.943972  1.8 
 0.605467 -0.94097  1.8 
 0.60498 -0.937969  1.8 
 0.604502 -0.934967  1.8 
 0.604034 -0.931966  1.8 
 0.603574 -0.928964  1.8 
 0.603122 -0.925963  1.8 
 0.60268 -0.922961  1.8 
 0.602245 -0.91996  1.8 
 0.601819 -0.916958  1.8 
 0.601402 -0.913957  1.8 
 0.600992 -0.910955  1.8 
 0.600591 -0.907954  1.8 
 0.600198 -0.904952  1.8 

 1.18182 -1.46346  1.8 
 1.1773 -1.46323  1.8 
 1.12121 -1.46051  1.8 
 1.11974 -1.46023  1.8 
 1.10351 -1.45723  1.8 
 1.08685 -1.45423  1.8 
 1.06976 -1.45123  1.8 
 1.06061 -1.44965  1.8 
 1.05605 -1.44822  1.8 
 1.04638 -1.44522  1.8 
 1.03661 -1.44222  1.8 
 1.02672 -1.43922  1.8 
 1.01674 -1.43622  1.8 
 1.00665 -1.43322  1.8 
 1 -1.43125  1.8 
 0.997605 -1.43022  1.8 
 0.990679 -1.42721  1.8 
 0.983724 -1.42421  1.8 
 0.976742 -1.42121  1.8 
 0.969735 -1.41821  1.8 
 0.962702 -1.41521  1.8 
 0.955646 -1.41221  1.8 
 0.948567 -1.4092  1.8 
 0.941466 -1.4062  1.8 
 0.939394 -1.40533  1.8 
 0.935585 -1.4032  1.8 
 0.930211 -1.4002  1.8 
 0.924839 -1.3972  1.8 
 0.919471 -1.3942  1.8 
 0.914106 -1.3912  1.8 
 0.908746 -1.38819  1.8 
 0.903393 -1.38519  1.8 
 0.898045 -1.38219  1.8 
 0.892706 -1.37919  1.8 
 0.887375 -1.37619  1.8 
 0.882053 -1.37319  1.8 
 0.878788 -1.37134  1.8 
 0.877124 -1.37019  1.8 
 0.872819 -1.36718  1.8 
 0.86853 -1.36418  1.8 
 0.864259 -1.36118  1.8 
 0.860006 -1.35818  1.8 
 0.855771 -1.35518  1.8 
 0.851555 -1.35218  1.8 
 0.847359 -1.34917  1.8 
 0.843183 -1.34617  1.8 
 0.839027 -1.34317  1.8 
 0.834892 -1.34017  1.8 
 0.830779 -1.33717  1.8 
 0.826688 -1.33417  1.8 
 0.82262 -1.33117  1.8 
 0.818575 -1.32816  1.8 
 0.818182 -1.32787  1.8 
 0.815058 -1.32516  1.8 
 0.811619 -1.32216  1.8 
 0.808205 -1.31916  1.8 
 0.804816 -1.31616  1.8 
 0.801451 -1.31316  1.8 
 0.798111 -1.31016  1.8 
 0.794797 -1.30715  1.8 
 0.791509 -1.30415  1.8 
 0.788247 -1.30115  1.8 
 0.78501 -1.29815  1.8 
 0.7818 -1.29515  1.8 
 0.778617 -1.29215  1.8 
 0.77546 -1.28914  1.8 
 0.77233 -1.28614  1.8 
 0.769227 -1.28314  1.8 
 0.766152 -1.28014  1.8 
 0.763104 -1.27714  1.8 
 0.760083 -1.27414  1.8 
 0.757576 -1.27162  1.8 
 0.757136 -1.27114  1.8 
 0.754455 -1.26813  1.8 
 0.751801 -1.26513  1.8 
 0.749174 -1.26213  1.8 
 0.746573 -1.25913  1.8 
 0.744 -1.25613  1.8 
 0.741453 -1.25313  1.8 
 0.738933 -1.25013  1.8 
 0.73644 -1.24712  1.8 
 0.733975 -1.24412  1.8 
 0.731535 -1.24112  1.8 
 0.729123 -1.23812  1.8 
 0.726738 -1.23512  1.8 
 0.724379 -1.23212  1.8 
 0.722047 -1.22911  1.8 
 0.719742 -1.22611  1.8 
 0.717463 -1.22311  1.8 
 0.71521 -1.22011  1.8 
 0.712984 -1.21711  1.8 
 0.710784 -1.21411  1.8 
 0.70861 -1.21111  1.8 
 0.706463 -1.2081  1.8 
 0.704341 -1.2051  1.8 
 0.702245 -1.2021  1.8 
 0.700175 -1.1991  1.8 
 0.69813 -1.1961  1.8 
 0.69697 -1.19437  1.8 

-0.393939 -1.57715  1.8 
-0.394132 -1.57729  1.8 
-0.398248 -1.58029  1.8 
-0.402379 -1.58329  1.8 
-0.406524 -1.58629  1.8 
-0.410682 -1.58929  1.8 
-0.414854 -1.5923  1.8 
-0.41904 -1.5953  1.8 
-0.423238 -1.5983  1.8 
-0.427449 -1.6013  1.8 
-0.431672 -1.6043  1.8 
-0.435907 -1.6073  1.8 
-0.440154 -1.61031  1.8 
-0.444412 -1.61331  1.8 
-0.448682 -1.61631  1.8 
-0.452962 -1.61931  1.8 
-0.454545 -1.62042  1.8 
-0.457573 -1.62231  1.8 
-0.462372 -1.62531  1.8 
-0.467172 -1.62831  1.8 
-0.471972 -1.63132  1.8 
-0.476771 -1.63432  1.8 
-0.48157 -1.63732  1.8 
-0.486367 -1.64032  1.8 
-0.491163 -1.64332  1.8 
-0.495958 -1.64632  1.8 
-0.500751 -1.64932  1.8 
-0.505542 -1.65233  1.8 
-0.510331 -1.65533  1.8 
-0.515118 -1.65833  1.8 
-0.520628 -1.66133  1.8 
-0.526123 -1.66433  1.8 
-0.531599 -1.66733  1.8 
-0.537055 -1.67034  1.8 
-0.542491 -1.67334  1.8 
-0.547907 -1.67634  1.8 
-0.553304 -1.67934  1.8 
-0.55868 -1.68234  1.8 
-0.564036 -1.68534  1.8 
-0.569373 -1.68834  1.8 
-0.574689 -1.69135  1.8 
-0.575758 -1.69195  1.8 
-0.580803 -1.69435  1.8 
-0.587079 -1.69735  1.8 
-0.593308 -1.70035  1.8 
-0.599489 -1.70335  1.8 
-0.605623 -1.70635  1.8 
-0.611711 -1.70935  1.8 
-0.617753 -1.71236  1.8 
-0.623751 -1.71536  1.8 
-0.629703 -1.71836  1.8 
-0.635612 -1.72136  1.8 
-0.636364 -1.72174  1.8 
-0.642714 -1.72436  1.8 
-0.649909 -1.72736  1.8 
-0.657016 -1.73037  1.8 
-0.664035 -1.73337  1.8 
-0.67097 -1.73637  1.8 
-0.67782 -1.73937  1.8 
-0.684589 -1.74237  1.8 
-0.691278 -1.74537  1.8 
-0.69697 -1.74795  1.8 
-0.698171 -1.74837  1.8 
-0.706681 -1.75138  1.8 
-0.715033 -1.75438  1.8 
-0.723231 -1.75738  1.8 
-0.731282 -1.76038  1.8 
-0.739188 -1.76338  1.8 
-0.746956 -1.76638  1.8 
-0.754588 -1.76938  1.8 
-0.757576 -1.77057  1.8 
-0.763872 -1.77239  1.8 
-0.774073 -1.77539  1.8 
-0.783998 -1.77839  1.8 
-0.79366 -1.78139  1.8 
-0.803071 -1.78439  1.8 
-0.812241 -1.78739  1.8 
-0.818182 -1.78938  1.8 
-0.822826 -1.7904  1.8 
-0.836166 -1.7934  1.8 
-0.848955 -1.7964  1.8 
-0.861231 -1.7994  1.8 
-0.873026 -1.8024  1.8 
-0.878788 -1.80391  1.8 
-0.889295 -1.8054  1.8 
-0.909264 -1.8084  1.8 
-0.927807 -1.81141  1.8 
-0.939394 -1.81339  1.8 
-0.960492 -1.81441  1.8 
-1 -1.81658  1.8 

-0.177413 -1.29215  1.8 
-0.178194 -1.29515  1.8 
-0.179006 -1.29815  1.8 
-0.179847 -1.30115  1.8 
-0.180717 -1.30415  1.8 
-0.181618 -1.30715  1.8 
-0.182549 -1.31016  1.8 
-0.18351 -1.31316  1.8 
-0.184502 -1.31616  1.8 
-0.185524 -1.31916  1.8 
-0.186576 -1.32216  1.8 
-0.18766 -1.32516  1.8 
-0.188774 -1.32816  1.8 
-0.189919 -1.33117  1.8 
-0.191096 -1.33417  1.8 
-0.192303 -1.33717  1.8 
-0.193542 -1.34017  1.8 
-0.194813 -1.34317  1.8 
-0.196115 -1.34617  1.8 
-0.197449 -1.34917  1.8 
-0.198814 -1.35218  1.8 
-0.200212 -1.35518  1.8 
-0.201641 -1.35818  1.8 
-0.203103 -1.36118  1.8 
-0.204597 -1.36418  1.8 
-0.206123 -1.36718  1.8 
-0.207682 -1.37019  1.8 
-0.209273 -1.37319  1.8 
-0.210897 -1.37619  1.8 
-0.212121 -1.37841  1.8 
-0.21255 -1.37919  1.8 
-0.214228 -1.38219  1.8 
-0.215937 -1.38519  1.8 
-0.217677 -1.38819  1.8 
-0.21945 -1.3912  1.8 
-0.221254 -1.3942  1.8 
-0.223089 -1.3972  1.8 
-0.224957 -1.4002  1.8 
-0.226856 -1.4032  1.8 
-0.228787 -1.4062  1.8 
-0.23075 -1.4092  1.8 
-0.232745 -1.41221  1.8 
-0.234772 -1.41521  1.8 
-0.236831 -1.41821  1.8 
-0.238921 -1.42121  1.8 
-0.241044 -1.42421  1.8 
-0.243198 -1.42721  1.8 
-0.245385 -1.43022  1.8 
-0.247604 -1.43322  1.8 
-0.249854 -1.43622  1.8 
-0.252137 -1.43922  1.8 
-0.254451 -1.44222  1.8 
-0.256798 -1.44522  1.8 
-0.259176 -1.44822  1.8 
-0.261586 -1.45123  1.8 
-0.264029 -1.45423  1.8 
-0.266503 -1.45723  1.8 
-0.269009 -1.46023  1.8 
-0.271548 -1.46323  1.8 
-0.272727 -1.46461  1.8 
-0.274151 -1.46623  1.8 
-0.276815 -1.46923  1.8 
-0.279508 -1.47224  1.8 
-0.28223 -1.47524  1.8 
-0.284983 -1.47824  1.8 
-0.287764 -1.48124  1.8 
-0.290576 -1.48424  1.8 
-0.293416 -1.48724  1.8 
-0.296286 -1.49025  1.8 
-0.299185 -1.49325  1.8 
-0.302113 -1.49625  1.8 
-0.30507 -1.49925  1.8 
-0.308055 -1.50225  1.8 
-0.311069 -1.50525  1.8 
-0.314112 -1.50825  1.8 
-0.317183 -1.51126  1.8 
-0.320282 -1.51426  1.8 
-0.323409 -1.51726  1.8 
-0.326565 -1.52026  1.8 
-0.329748 -1.52326  1.8 
-0.332959 -1.52626  1.8 
-0.333333 -1.52661  1.8 
-0.336353 -1.52926  1.8 
-0.339792 -1.53227  1.8 
-0.343255 -1.53527  1.8 
-0.346742 -1.53827  1.8 
-0.350252 -1.54127  1.8 
-0.353785 -1.54427  1.8 
-0.357341 -1.54727  1.8 
-0.36092 -1.55028  1.8 
-0.364522 -1.55328  1.8 
-0.368145 -1.55628  1.8 
-0.371791 -1.55928  1.8 
-0.375459 -1.56228  1.8 
-0.379148 -1.56528  1.8 
-0.382859 -1.56828  1.8 
-0.386591 -1.57129  1.8 
-0.390343 -1.57429  1.8 
-0.393939 -1.57715  1.8 

-0.21793 -1.001  1.8 
-0.216574 -1.004  1.8 
-0.215233 -1.007  1.8 
-0.213906 -1.01001  1.8 
-0.212594 -1.01301  1.8 
-0.212121 -1.0141  1.8 
-0.211309 -1.01601  1.8 
-0.210044 -1.01901  1.8 
-0.208795 -1.02201  1.8 
-0.207561 -1.02501  1.8 
-0.206342 -1.02801  1.8 
-0.205138 -1.03102  1.8 
-0.203949 -1.03402  1.8 
-0.202777 -1.03702  1.8 
-0.201619 -1.04002  1.8 
-0.200478 -1.04302  1.8 
-0.199353 -1.04602  1.8 
-0.198244 -1.04902  1.8 
-0.197151 -1.05203  1.8 
-0.196075 -1.05503  1.8 
-0.195016 -1.05803  1.8 
-0.193973 -1.06103  1.8 
-0.192948 -1.06403  1.8 
-0.191939 -1.06703  1.8 
-0.190948 -1.07004  1.8 
-0.189975 -1.07304  1.8 
-0.189018 -1.07604  1.8 
-0.18808 -1.07904  1.8 
-0.18716 -1.08204  1.8 
-0.186258 -1.08504  1.8 
-0.185374 -1.08804  1.8 
-0.184509 -1.09105  1.8 
-0.183662 -1.09405  1.8 
-0.182834 -1.09705  1.8 
-0.182025 -1.10005  1.8 
-0.181235 -1.10305  1.8 
-0.180465 -1.10605  1.8 
-0.179713 -1.10905  1.8 
-0.178982 -1.11206  1.8 
-0.17827 -1.11506  1.8 
-0.177579 -1.11806  1.8 
-0.176907 -1.12106  1.8 
-0.176256 -1.12406  1.8 
-0.175625 -1.12706  1.8 
-0.175015 -1.13007  1.8 
-0.174426 -1.13307  1.8 
-0.173858 -1.13607  1.8 
-0.173311 -1.13907  1.8 
-0.172785 -1.14207  1.8 
-0.172281 -1.14507  1.8 
-0.171798 -1.14807  1.8 
-0.171337 -1.15108  1.8 
-0.170899 -1.15408  1.8 
-0.170482 -1.15708  1.8 
-0.170088 -1.16008  1.8 
-0.169717 -1.16308  1.8 
-0.169368 -1.16608  1.8 
-0.169042 -1.16908  1.8 
-0.168739 -1.17209  1.8 
-0.168459 -1.17509  1.8 
-0.168203 -1.17809  1.8 
-0.16797 -1.18109  1.8 
-0.167761 -1.18409  1.8 
-0.167576 -1.18709  1.8 
-0.167415 -1.1901  1.8 
-0.167278 -1.1931  1.8 
-0.167166 -1.1961  1.8 
-0.167078 -1.1991  1.8 
-0.167015 -1.2021  1.8 
-0.166977 -1.2051  1.8 
-0.166964 -1.2081  1.8 
-0.166976 -1.21111  1.8 
-0.167013 -1.21411  1.8 
-0.167076 -1.21711  1.8 
-0.167165 -1.22011  1.8 
-0.167279 -1.22311  1.8 
-0.16742 -1.22611  1.8 
-0.167587 -1.22911  1.8 
-0.16778 -1.23212  1.8 
-0.167999 -1.23512  1.8 
-0.168246 -1.23812  1.8 
-0.168519 -1.24112  1.8 
-0.168819 -1.24412  1.8 
-0.169146 -1.24712  1.8 
-0.169501 -1.25013  1.8 
-0.169883 -1.25313  1.8 
-0.170292 -1.25613  1.8 
-0.17073 -1.25913  1.8 
-0.171195 -1.26213  1.8 
-0.171688 -1.26513  1.8 
-0.172209 -1.26813  1.8 
-0.172759 -1.27114  1.8 
-0.173337 -1.27414  1.8 
-0.173944 -1.27714  1.8 
-0.17458 -1.28014  1.8 
-0.175244 -1.28314  1.8 
-0.175938 -1.28614  1.8 
-0.176661 -1.28914  1.8 
-0.177413 -1.29215  1.8 

-0.448732 -0.715858  1.8 
-0.443721 -0.718859  1.8 
-0.438756 -0.721861  1.8 
-0.433834 -0.724862  1.8 
-0.428957 -0.727864  1.8 
-0.424123 -0.730865  1.8 
-0.419332 -0.733867  1.8 
-0.414584 -0.736868  1.8 
-0.409878 -0.73987  1.8 
-0.405214 -0.742871  1.8 
-0.400591 -0.745873  1.8 
-0.39601 -0.748874  1.8 
-0.393939 -0.750239  1.8 
-0.392228 -0.751876  1.8 
-0.389104 -0.754877  1.8 
-0.385999 -0.757879  1.8 
-0.382912 -0.76088  1.8 
-0.379844 -0.763882  1.8 
-0.376794 -0.766883  1.8 
-0.373762 -0.769885  1.8 
-0.370748 -0.772886  1.8 
-0.367753 -0.775888  1.8 
-0.364776 -0.778889  1.8 
-0.361817 -0.781891  1.8 
-0.358876 -0.784892  1.8 
-0.355952 -0.787894  1.8 
-0.353047 -0.790895  1.8 
-0.350159 -0.793897  1.8 
-0.347289 -0.796898  1.8 
-0.344436 -0.7999  1.8 
-0.341601 -0.802901  1.8 
-0.338784 -0.805903  1.8 
-0.335984 -0.808904  1.8 
-0.333333 -0.811763  1.8 
-0.333224 -0.811906  1.8 
-0.330937 -0.814907  1.8 
-0.328661 -0.817909  1.8 
-0.326397 -0.82091  1.8 
-0.324144 -0.823912  1.8 
-0.321903 -0.826913  1.8 
-0.319674 -0.829915  1.8 
-0.317457 -0.832916  1.8 
-0.315251 -0.835918  1.8 
-0.313058 -0.838919  1.8 
-0.310875 -0.841921  1.8 
-0.308705 -0.844922  1.8 
-0.306547 -0.847924  1.8 
-0.3044 -0.850925  1.8 
-0.302265 -0.853927  1.8 
-0.300142 -0.856928  1.8 
-0.298031 -0.85993  1.8 
-0.295932 -0.862931  1.8 
-0.293845 -0.865933  1.8 
-0.29177 -0.868934  1.8 
-0.289707 -0.871936  1.8 
-0.287656 -0.874937  1.8 
-0.285617 -0.877939  1.8 
-0.283591 -0.88094  1.8 
-0.281576 -0.883942  1.8 
-0.279575 -0.886943  1.8 
-0.277585 -0.889945  1.8 
-0.275608 -0.892946  1.8 
-0.273644 -0.895948  1.8 
-0.272727 -0.897355  1.8 
-0.271778 -0.898949  1.8 
-0.27 -0.901951  1.8 
-0.268233 -0.904952  1.8 
-0.266476 -0.907954  1.8 
-0.264731 -0.910955  1.8 
-0.262996 -0.913957  1.8 
-0.261273 -0.916958  1.8 
-0.259561 -0.91996  1.8 
-0.25786 -0.922961  1.8 
-0.25617 -0.925963  1.8 
-0.254492 -0.928964  1.8 
-0.252826 -0.931966  1.8 
-0.251171 -0.934967  1.8 
-0.249528 -0.937969  1.8 
-0.247896 -0.94097  1.8 
-0.246277 -0.943972  1.8 
-0.24467 -0.946973  1.8 
-0.243075 -0.949975  1.8 
-0.241492 -0.952976  1.8 
-0.239921 -0.955978  1.8 
-0.238363 -0.958979  1.8 
-0.236818 -0.961981  1.8 
-0.235285 -0.964982  1.8 
-0.233765 -0.967984  1.8 
-0.232259 -0.970985  1.8 
-0.230765 -0.973987  1.8 
-0.229284 -0.976988  1.8 
-0.227817 -0.97999  1.8 
-0.226363 -0.982991  1.8 
-0.224923 -0.985993  1.8 
-0.223496 -0.988994  1.8 
-0.222084 -0.991996  1.8 
-0.220685 -0.994997  1.8 
-0.2193 -0.997999  1.8 
-0.21793 -1.001  1.8 

-0.869806 -0.958979  1.8 
-0.867179 -0.955978  1.8 
-0.86456 -0.952976  1.8 
-0.86195 -0.949975  1.8 
-0.859348 -0.946973  1.8 
-0.856755 -0.943972  1.8 
-0.854171 -0.94097  1.8 
-0.851595 -0.937969  1.8 
-0.849029 -0.934967  1.8 
-0.84647 -0.931966  1.8 
-0.843921 -0.928964  1.8 
-0.84138 -0.925963  1.8 
-0.838848 -0.922961  1.8 
-0.836325 -0.91996  1.8 
-0.83381 -0.916958  1.8 
-0.831304 -0.913957  1.8 
-0.828806 -0.910955  1.8 
-0.826318 -0.907954  1.8 
-0.823838 -0.904952  1.8 
-0.821366 -0.901951  1.8 
-0.818903 -0.898949  1.8 
-0.818182 -0.898067  1.8 
-0.816114 -0.895948  1.8 
-0.813197 -0.892946  1.8 
-0.810294 -0.889945  1.8 
-0.807404 -0.886943  1.8 
-0.804527 -0.883942  1.8 
-0.801663 -0.88094  1.8 
-0.798813 -0.877939  1.8 
-0.795975 -0.874937  1.8 
-0.79315 -0.871936  1.8 
-0.790338 -0.868934  1.8 
-0.787539 -0.865933  1.8 
-0.784752 -0.862931  1.8 
-0.781978 -0.85993  1.8 
-0.779217 -0.856928  1.8 
-0.776468 -0.853927  1.8 
-0.773731 -0.850925  1.8 
-0.771007 -0.847924  1.8 
-0.768295 -0.844922  1.8 
-0.765595 -0.841921  1.8 
-0.762908 -0.838919  1.8 
-0.760232 -0.835918  1.8 
-0.757576 -0.832925  1.8 
-0.754169 -0.829915  1.8 
-0.750791 -0.826913  1.8 
-0.747434 -0.823912  1.8 
-0.744095 -0.82091  1.8 
-0.740776 -0.817909  1.8 
-0.737477 -0.814907  1.8 
-0.734196 -0.811906  1.8 
-0.730934 -0.808904  1.8 
-0.72769 -0.805903  1.8 
-0.724465 -0.802901  1.8 
-0.721258 -0.7999  1.8 
-0.718069 -0.796898  1.8 
-0.714898 -0.793897  1.8 
-0.711745 -0.790895  1.8 
-0.708609 -0.787894  1.8 
-0.705491 -0.784892  1.8 
-0.702389 -0.781891  1.8 
-0.699305 -0.778889  1.8 
-0.69697 -0.776606  1.8 
-0.69592 -0.775888  1.8 
-0.691558 -0.772886  1.8 
-0.687229 -0.769885  1.8 
-0.682932 -0.766883  1.8 
-0.678668 -0.763882  1.8 
-0.674436 -0.76088  1.8 
-0.670235 -0.757879  1.8 
-0.666065 -0.754877  1.8 
-0.661925 -0.751876  1.8 
-0.657816 -0.748874  1.8 
-0.653736 -0.745873  1.8 
-0.649686 -0.742871  1.8 
-0.645664 -0.73987  1.8 
-0.641671 -0.736868  1.8 
-0.637705 -0.733867  1.8 
-0.636364 -0.732846  1.8 
-0.63175 -0.730865  1.8 
-0.624829 -0.727864  1.8 
-0.61799 -0.724862  1.8 
-0.61123 -0.721861  1.8 
-0.604549 -0.718859  1.8 
-0.597944 -0.715858  1.8 
-0.591414 -0.712856  1.8 
-0.584957 -0.709855  1.8 
-0.578572 -0.706853  1.8 
-0.575758 -0.705519  1.8 
-0.561892 -0.703852  1.8 
-0.537737 -0.70085  1.8 
-0.515152 -0.697928  1.8 
-0.502394 -0.70085  1.8 
-0.489575 -0.703852  1.8 
-0.477036 -0.706853  1.8 
-0.464772 -0.709855  1.8 
-0.454545 -0.712408  1.8 
-0.453787 -0.712856  1.8 
-0.448732 -0.715858  1.8 

-1.08428 -1.24412  1.8 
-1.0823 -1.24112  1.8 
-1.08032 -1.23812  1.8 
-1.07833 -1.23512  1.8 
-1.07633 -1.23212  1.8 
-1.07432 -1.22911  1.8 
-1.07231 -1.22611  1.8 
-1.0703 -1.22311  1.8 
-1.06828 -1.22011  1.8 
-1.06625 -1.21711  1.8 
-1.06421 -1.21411  1.8 
-1.06218 -1.21111  1.8 
-1.06061 -1.2088  1.8 
-1.06012 -1.2081  1.8 
-1.05801 -1.2051  1.8 
-1.0559 -1.2021  1.8 
-1.05379 -1.1991  1.8 
-1.05167 -1.1961  1.8 
-1.04955 -1.1931  1.8 
-1.04742 -1.1901  1.8 
-1.0453 -1.18709  1.8 
-1.04317 -1.18409  1.8 
-1.04103 -1.18109  1.8 
-1.03889 -1.17809  1.8 
-1.03675 -1.17509  1.8 
-1.03461 -1.17209  1.8 
-1.03246 -1.16908  1.8 
-1.03032 -1.16608  1.8 
-1.02816 -1.16308  1.8 
-1.02601 -1.16008  1.8 
-1.02385 -1.15708  1.8 
-1.02169 -1.15408  1.8 
-1.01953 -1.15108  1.8 
-1.01737 -1.14807  1.8 
-1.0152 -1.14507  1.8 
-1.01303 -1.14207  1.8 
-1.01086 -1.13907  1.8 
-1.00869 -1.13607  1.8 
-1.00651 -1.13307  1.8 
-1.00434 -1.13007  1.8 
-1.00216 -1.12706  1.8 
-1 -1.12409  1.8 
-0.99768 -1.12106  1.8 
-0.99538 -1.11806  1.8 
-0.99308 -1.11506  1.8 
-0.990781 -1.11206  1.8 
-0.988483 -1.10905  1.8 
-0.986185 -1.10605  1.8 
-0.983888 -1.10305  1.8 
-0.981592 -1.10005  1.8 
-0.979296 -1.09705  1.8 
-0.977001 -1.09405  1.8 
-0.974708 -1.09105  1.8 
-0.972415 -1.08804  1.8 
-0.970124 -1.08504  1.8 
-0.967833 -1.08204  1.8 
-0.965544 -1.07904  1.8 
-0.963257 -1.07604  1.8 
-0.96097 -1.07304  1.8 
-0.958686 -1.07004  1.8 
-0.956402 -1.06703  1.8 
-0.954121 -1.06403  1.8 
-0.951841 -1.06103  1.8 
-0.949562 -1.05803  1.8 
-0.947286 -1.05503  1.8 
-0.945012 -1.05203  1.8 
-0.942739 -1.04902  1.8 
-0.940469 -1.04602  1.8 
-0.939394 -1.0446  1.8 
-0.938094 -1.04302  1.8 
-0.935627 -1.04002  1.8 
-0.933164 -1.03702  1.8 
-0.930706 -1.03402  1.8 
-0.928252 -1.03102  1.8 
-0.925803 -1.02801  1.8 
-0.923359 -1.02501  1.8 
-0.920919 -1.02201  1.8 
-0.918485 -1.01901  1.8 
-0.916055 -1.01601  1.8 
-0.913629 -1.01301  1.8 
-0.911209 -1.01001  1.8 
-0.908794 -1.007  1.8 
-0.906383 -1.004  1.8 
-0.903978 -1.001  1.8 
-0.901578 -0.997999  1.8 
-0.899183 -0.994997  1.8 
-0.896793 -0.991996  1.8 
-0.894408 -0.988994  1.8 
-0.892029 -0.985993  1.8 
-0.889654 -0.982991  1.8 
-0.887286 -0.97999  1.8 
-0.884922 -0.976988  1.8 
-0.882564 -0.973987  1.8 
-0.880211 -0.970985  1.8 
-0.878788 -0.969166  1.8 
-0.877741 -0.967984  1.8 
-0.875087 -0.964982  1.8 
-0.872442 -0.961981  1.8 
-0.869806 -0.958979  1.8 

-1.22346 -1.53227  1.8 
-1.22275 -1.52926  1.8 
-1.22202 -1.52626  1.8 
-1.22128 -1.52326  1.8 
-1.22051 -1.52026  1.8 
-1.21972 -1.51726  1.8 
-1.21891 -1.51426  1.8 
-1.21808 -1.51126  1.8 
-1.21723 -1.50825  1.8 
-1.21636 -1.50525  1.8 
-1.21547 -1.50225  1.8 
-1.21456 -1.49925  1.8 
-1.21363 -1.49625  1.8 
-1.21268 -1.49325  1.8 
-1.21172 -1.49025  1.8 
-1.21073 -1.48724  1.8 
-1.20973 -1.48424  1.8 
-1.20871 -1.48124  1.8 
-1.20767 -1.47824  1.8 
-1.20661 -1.47524  1.8 
-1.20554 -1.47224  1.8 
-1.20445 -1.46923  1.8 
-1.20334 -1.46623  1.8 
-1.20221 -1.46323  1.8 
-1.20106 -1.46023  1.8 
-1.1999 -1.45723  1.8 
-1.19873 -1.45423  1.8 
-1.19753 -1.45123  1.8 
-1.19632 -1.44822  1.8 
-1.19509 -1.44522  1.8 
-1.19385 -1.44222  1.8 
-1.19259 -1.43922  1.8 
-1.19131 -1.43622  1.8 
-1.19002 -1.43322  1.8 
-1.18871 -1.43022  1.8 
-1.18739 -1.42721  1.8 
-1.18605 -1.42421  1.8 
-1.1847 -1.42121  1.8 
-1.18333 -1.41821  1.8 
-1.18194 -1.41521  1.8 
-1.18182 -1.41495  1.8 
-1.18055 -1.41221  1.8 
-1.17914 -1.4092  1.8 
-1.17772 -1.4062  1.8 
-1.17629 -1.4032  1.8 
-1.17485 -1.4002  1.8 
-1.17339 -1.3972  1.8 
-1.17192 -1.3942  1.8 
-1.17043 -1.3912  1.8 
-1.16894 -1.38819  1.8 
-1.16743 -1.38519  1.8 
-1.16591 -1.38219  1.8 
-1.16438 -1.37919  1.8 
-1.16283 -1.37619  1.8 
-1.16128 -1.37319  1.8 
-1.15971 -1.37019  1.8 
-1.15813 -1.36718  1.8 
-1.15653 -1.36418  1.8 
-1.15493 -1.36118  1.8 
-1.15331 -1.35818  1.8 
-1.15169 -1.35518  1.8 
-1.15005 -1.35218  1.8 
-1.1484 -1.34917  1.8 
-1.14674 -1.34617  1.8 
-1.14507 -1.34317  1.8 
-1.14338 -1.34017  1.8 
-1.14169 -1.33717  1.8 
-1.13998 -1.33417  1.8 
-1.13827 -1.33117  1.8 
-1.13654 -1.32816  1.8 
-1.13481 -1.32516  1.8 
-1.13306 -1.32216  1.8 
-1.1313 -1.31916  1.8 
-1.12953 -1.31616  1.8 
-1.12775 -1.31316  1.8 
-1.12597 -1.31016  1.8 
-1.12417 -1.30715  1.8 
-1.12236 -1.30415  1.8 
-1.12121 -1.30226  1.8 
-1.12054 -1.30115  1.8 
-1.11869 -1.29815  1.8 
-1.11685 -1.29515  1.8 
-1.11499 -1.29215  1.8 
-1.11313 -1.28914  1.8 
-1.11125 -1.28614  1.8 
-1.10938 -1.28314  1.8 
-1.10749 -1.28014  1.8 
-1.10559 -1.27714  1.8 
-1.10369 -1.27414  1.8 
-1.10178 -1.27114  1.8 
-1.09987 -1.26813  1.8 
-1.09794 -1.26513  1.8 
-1.09601 -1.26213  1.8 
-1.09407 -1.25913  1.8 
-1.09213 -1.25613  1.8 
-1.09018 -1.25313  1.8 
-1.08822 -1.25013  1.8 
-1.08625 -1.24712  1.8 
-1.08428 -1.24412  1.8 

-1 -1.81658  1.8 
-1.02761 -1.81441  1.8 
-1.05997 -1.81141  1.8 
-1.06061 -1.81134  1.8 
-1.07249 -1.8084  1.8 
-1.08377 -1.8054  1.8 
-1.09426 -1.8024  1.8 
-1.10402 -1.7994  1.8 
-1.11313 -1.7964  1.8 
-1.12121 -1.79355  1.8 
-1.12152 -1.7934  1.8 
-1.12735 -1.7904  1.8 
-1.13291 -1.78739  1.8 
-1.13821 -1.78439  1.8 
-1.14327 -1.78139  1.8 
-1.14809 -1.77839  1.8 
-1.15269 -1.77539  1.8 
-1.15708 -1.77239  1.8 
-1.16128 -1.76938  1.8 
-1.16528 -1.76638  1.8 
-1.16911 -1.76338  1.8 
-1.17276 -1.76038  1.8 
-1.17625 -1.75738  1.8 
-1.17958 -1.75438  1.8 
-1.18182 -1.75228  1.8 
-1.18265 -1.75138  1.8 
-1.18532 -1.74837  1.8 
-1.18789 -1.74537  1.8 
-1.19035 -1.74237  1.8 
-1.19272 -1.73937  1.8 
-1.195 -1.73637  1.8 
-1.19718 -1.73337  1.8 
-1.19928 -1.73037  1.8 
-1.20129 -1.72736  1.8 
-1.20322 -1.72436  1.8 
-1.20506 -1.72136  1.8 
-1.20684 -1.71836  1.8 
-1.20853 -1.71536  1.8 
-1.21016 -1.71236  1.8 
-1.21171 -1.70935  1.8 
-1.21319 -1.70635  1.8 
-1.21461 -1.70335  1.8 
-1.21597 -1.70035  1.8 
-1.21726 -1.69735  1.8 
-1.21848 -1.69435  1.8 
-1.21965 -1.69135  1.8 
-1.22076 -1.68834  1.8 
-1.22182 -1.68534  1.8 
-1.22282 -1.68234  1.8 
-1.22377 -1.67934  1.8 
-1.22466 -1.67634  1.8 
-1.2255 -1.67334  1.8 
-1.22629 -1.67034  1.8 
-1.22704 -1.66733  1.8 
-1.22774 -1.66433  1.8 
-1.22839 -1.66133  1.8 
-1.22899 -1.65833  1.8 
-1.22955 -1.65533  1.8 
-1.23007 -1.65233  1.8 
-1.23055 -1.64932  1.8 
-1.23098 -1.64632  1.8 
-1.23138 -1.64332  1.8 
-1.23173 -1.64032  1.8 
-1.23205 -1.63732  1.8 
-1.23233 -1.63432  1.8 
-1.23257 -1.63132  1.8 
-1.23277 -1.62831  1.8 
-1.23294 -1.62531  1.8 
-1.23307 -1.62231  1.8 
-1.23317 -1.61931  1.8 
-1.23324 -1.61631  1.8 
-1.23327 -1.61331  1.8 
-1.23327 -1.61031  1.8 
-1.23324 -1.6073  1.8 
-1.23317 -1.6043  1.8 
-1.23308 -1.6013  1.8 
-1.23296 -1.5983  1.8 
-1.2328 -1.5953  1.8 
-1.23262 -1.5923  1.8 
-1.23241 -1.58929  1.8 
-1.23217 -1.58629  1.8 
-1.2319 -1.58329  1.8 
-1.2316 -1.58029  1.8 
-1.23128 -1.57729  1.8 
-1.23093 -1.57429  1.8 
-1.23055 -1.57129  1.8 
-1.23015 -1.56828  1.8 
-1.22973 -1.56528  1.8 
-1.22928 -1.56228  1.8 
-1.2288 -1.55928  1.8 
-1.2283 -1.55628  1.8 
-1.22777 -1.55328  1.8 
-1.22723 -1.55028  1.8 
-1.22665 -1.54727  1.8 
-1.22606 -1.54427  1.8 
-1.22544 -1.54127  1.8 
-1.2248 -1.53827  1.8 
-1.22414 -1.53527  1.8 
-1.22346 -1.53227  1.8 

